   1.3609632e-01   8.3174244e-02   1.1395749e-02
   1.3792886e-01   7.4481867e-02   1.0272356e-02
   1.3975493e-01   6.6698604e-02   9.3207239e-03
   1.4157482e-01   5.9622988e-02   8.4404732e-03
   1.4338877e-01   5.3204772e-02   7.6284101e-03
   1.4519705e-01   4.7397933e-02   6.8815564e-03
   1.4699989e-01   4.2155369e-02   6.1964152e-03
   1.4879754e-01   3.7428653e-02   5.5689278e-03
   1.5059019e-01   3.3173786e-02   4.9953324e-03
   1.5237808e-01   2.9357141e-02   4.4731127e-03
   1.5416138e-01   2.5938808e-02   3.9985277e-03
   1.5594031e-01   2.2883508e-02   3.5682588e-03
   1.5771504e-01   2.0155470e-02   3.1786463e-03
   1.5948575e-01   1.7724045e-02   2.8265824e-03
   1.6125260e-01   1.5563613e-02   2.5095441e-03
   1.6301577e-01   1.3642485e-02   2.2238296e-03
   1.6477542e-01   1.1940005e-02   1.9673244e-03
   1.6653169e-01   1.0440830e-02   1.7386479e-03
   1.6828472e-01   9.1065349e-03   1.5324213e-03
   1.7003466e-01   7.9383807e-03   1.3497406e-03
   1.7178166e-01   6.9031564e-03   1.1857851e-03
   1.7352582e-01   5.9960461e-03   1.0404257e-03
   1.7526729e-01   5.2006198e-03   9.1146187e-04
   1.7700618e-01   4.5003104e-03   7.9655160e-04
   1.7874260e-01   3.8841555e-03   6.9423771e-04
   1.8047669e-01   3.3526298e-03   6.0504918e-04
   1.8220854e-01   2.8830845e-03   5.2530373e-04
   1.8393826e-01   2.4758391e-03   4.5538562e-04
   1.8566595e-01   2.1717336e-03   4.0320327e-04
   1.8739172e-01   1.9537880e-03   3.6611157e-04
   1.8911566e-01   1.7642910e-03   3.3364429e-04
   1.9083786e-01   1.5917447e-03   3.0375561e-04
   1.9255842e-01   1.4420426e-03   2.7766894e-04
   1.9427743e-01   1.3036365e-03   2.5325958e-04
   1.9599496e-01   1.1824037e-03   2.3173842e-04
   1.9771111e-01   1.0725762e-03   2.1205421e-04
   1.9942596e-01   9.7419732e-04   1.9427485e-04
   2.0113957e-01   8.8731058e-04   1.7846844e-04
   2.0285204e-01   8.1194982e-04   1.6470133e-04
   2.0456343e-01   7.4230383e-04   1.5184430e-04
   2.0627382e-01   6.7839373e-04   1.3993134e-04
   2.0798327e-01   6.2023735e-04   1.2899582e-04
   2.0969186e-01   5.7370576e-04   1.2029854e-04
   2.1139966e-01   5.2710807e-04   1.1142785e-04
   2.1310672e-01   4.8631040e-04   1.0363364e-04
   2.1481312e-01   4.5132396e-04   9.6948133e-05
   2.1651891e-01   4.1629591e-04   9.0133957e-05
   2.1822415e-01   3.8709674e-04   8.4472044e-05
   2.1992891e-01   3.6373397e-04   7.9993935e-05
   2.2163324e-01   3.4034705e-04   7.5430668e-05
   2.2333719e-01   3.1693898e-04   7.0782839e-05
   2.2504083e-01   2.9938223e-04   6.7371901e-05
   2.2674421e-01   2.8181070e-04   6.3897713e-05
   2.2844738e-01   2.6422626e-04   6.0360657e-05
   2.3015038e-01   2.5250289e-04   5.8112561e-05
   2.3185328e-01   2.3489808e-04   5.4460902e-05
   2.3355611e-01   2.2903042e-04   5.3490505e-05
   2.3525894e-01   2.1728374e-04   5.1117052e-05
   2.3696180e-01   2.0553164e-04   4.8702317e-05
   2.3866474e-01   1.9964720e-04   4.7647951e-05
   2.4036781e-01   1.9375832e-04   4.6572501e-05
   2.4207105e-01   1.8786562e-04   4.5476095e-05
   2.4377450e-01   1.8196966e-04   4.4358865e-05
   2.4547821e-01   1.7607088e-04   4.3220896e-05
   2.4718222e-01   1.7017013e-04   4.2062391e-05
   2.4888656e-01   1.7013433e-04   4.2343519e-05
   2.5059129e-01   1.6422910e-04   4.1153781e-05
   2.5229643e-01   1.6418686e-04   4.1423166e-05
   2.5400203e-01   1.6414102e-04   4.1691566e-05
   2.5570813e-01   1.6409167e-04   4.1958995e-05
   2.5741476e-01   1.6403878e-04   4.2225432e-05
   2.5912196e-01   1.6398246e-04   4.2490890e-05
   2.6082976e-01   1.6392265e-04   4.2755347e-05
   2.6253820e-01   1.6385947e-04   4.3018818e-05
   2.6424732e-01   1.6379314e-04   4.3281352e-05
   2.6595715e-01   1.6957104e-04   4.5098071e-05
   2.6766772e-01   1.6949570e-04   4.5367974e-05
   2.6937907e-01   1.7525922e-04   4.7210600e-05
   2.7109122e-01   1.8101426e-04   4.9070800e-05
   2.7280421e-01   1.8676016e-04   5.0948370e-05
   2.7451807e-01   1.9249685e-04   5.2843265e-05
   2.7623284e-01   1.9822397e-04   5.4755359e-05
   2.7794854e-01   2.0976821e-04   5.8304127e-05
   2.7966520e-01   2.2129602e-04   6.1888127e-05
   2.8138285e-01   2.3280677e-04   6.5507137e-05
   2.8310152e-01   2.4430001e-04   6.9160984e-05
   2.8482125e-01   2.5577513e-04   7.2849443e-05
   2.8654205e-01   2.7304085e-04   7.8236894e-05
   2.8826395e-01   2.9028025e-04   8.3676501e-05
   2.8998699e-01   3.0749249e-04   8.9167951e-05
   2.9171119e-01   3.3047424e-04   9.6402108e-05
   2.9343658e-01   3.5341952e-04   1.0370523e-04
   2.9516318e-01   3.8211719e-04   1.1278587e-04
   2.9689102e-01   4.1076755e-04   1.2195208e-04
   2.9862012e-01   4.5093220e-04   1.3465621e-04
   3.0035052e-01   4.8525424e-04   1.4574507e-04
   3.0208223e-01   5.3106177e-04   1.6042292e-04
   3.0381528e-01   5.8255868e-04   1.7698870e-04
   3.0554969e-01   6.3973012e-04   1.9546768e-04
   3.0728549e-01   7.0256005e-04   2.1588471e-04
   3.0902270e-01   7.7103246e-04   2.3826458e-04
   3.1076135e-01   8.5087964e-04   2.6441836e-04
   3.1250145e-01   9.4781458e-04   2.9619107e-04
   3.1424304e-01   1.0503124e-03   3.3005078e-04
   3.1598613e-01   1.1698227e-03   3.6964489e-04
   3.1773075e-01   1.3005674e-03   4.1322710e-04
   3.1947692e-01   1.4539617e-03   4.6450370e-04
   3.2122465e-01   1.6242187e-03   5.2173522e-04
   3.2297398e-01   1.8227155e-03   5.8868540e-04
   3.2472492e-01   2.0436596e-03   6.6362246e-04
   3.2647750e-01   2.2983865e-03   7.5036617e-04
   3.2823173e-01   2.5924888e-03   8.5093114e-04
   3.2998764e-01   2.9201521e-03   9.6360747e-04
   3.3174525e-01   3.2983338e-03   1.0941991e-03
   3.3350457e-01   3.7268688e-03   1.2429195e-03
   3.3526563e-01   4.2112677e-03   1.4118840e-03
   3.3702845e-01   4.7683667e-03   1.6070648e-03
   3.3879304e-01   5.4035893e-03   1.8306867e-03
   3.4055943e-01   6.1223334e-03   2.0850052e-03
   3.4232764e-01   6.9469350e-03   2.3781131e-03
   3.4409769e-01   7.8770380e-03   2.7104539e-03
   3.4586958e-01   8.9404830e-03   3.0922224e-03
   3.4764336e-01   1.0142458e-02   3.5259371e-03
   3.4941902e-01   1.1510633e-02   4.0220103e-03
   3.5119659e-01   1.3055665e-02   4.5850784e-03
   3.5297610e-01   1.4805028e-02   5.2257911e-03
   3.5475754e-01   1.6786049e-02   5.9549439e-03
   3.5654096e-01   1.9014721e-02   6.7794893e-03
   3.5832636e-01   2.1529348e-02   7.7144906e-03
   3.6011376e-01   2.4356849e-02   8.7711890e-03
   3.6190318e-01   2.7524003e-02   9.9609708e-03
   3.6369463e-01   3.1074233e-02   1.1301472e-02
   3.6548814e-01   3.5045130e-02   1.2808513e-02
   3.6728372e-01   3.9468471e-02   1.4496052e-02
   3.6908139e-01   4.4387110e-02   1.6382373e-02
   3.7088116e-01   4.9838015e-02   1.8483888e-02
   3.7268306e-01   5.5869086e-02   2.0821359e-02
   3.7448709e-01   6.2516931e-02   2.3411670e-02
   3.7629328e-01   6.9828879e-02   2.6276011e-02
   3.7810164e-01   7.7835550e-02   2.9429610e-02
   3.7991219e-01   8.6578399e-02   3.2892035e-02
   3.8172495e-01   9.6093076e-02   3.6680955e-02
   3.8353992e-01   1.0640412e-01   4.0810041e-02
   3.8535714e-01   1.1754123e-01   4.5295147e-02
   3.8717660e-01   1.2951213e-01   5.0143845e-02
   3.8899834e-01   1.4856174e-01   5.7790018e-02
   3.9082236e-01   1.7060303e-01   6.6675190e-02
   3.9264868e-01   1.9475988e-01   7.6471885e-02
   3.9447732e-01   2.2106181e-01   8.7203504e-02
   3.9630829e-01   2.4951614e-01   9.8884905e-02
   3.9814161e-01   2.8008695e-01   1.1151381e-01
   3.9997730e-01   3.1271100e-01   1.2507679e-01
   4.0181536e-01   3.4727600e-01   1.3954027e-01
   4.0365581e-01   3.8363765e-01   1.5485696e-01
   4.0549868e-01   4.2159330e-01   1.7095486e-01
   4.0734396e-01   4.6090798e-01   1.8774736e-01
   4.0919169e-01   5.0129964e-01   2.0512687e-01
   4.1104187e-01   5.4244987e-01   2.2296877e-01
   4.1289452e-01   5.8398772e-01   2.4112443e-01
   4.1474966e-01   6.2552290e-01   2.5943446e-01
   4.1660729e-01   6.6662928e-01   2.7772161e-01
   4.1846743e-01   7.0686184e-01   2.9579760e-01
   4.2033011e-01   7.4576768e-01   3.1346750e-01
   4.2219532e-01   7.8288465e-01   3.3052909e-01
   4.2406310e-01   8.1775388e-01   3.4677805e-01
   4.2593344e-01   8.4993520e-01   3.6201459e-01
   4.2780637e-01   8.7902168e-01   3.7604981e-01
   4.2968190e-01   9.0462778e-01   3.8870090e-01
   4.3156005e-01   9.2641561e-01   3.9980265e-01
   4.3344082e-01   9.4410192e-01   4.0921099e-01
   4.3532424e-01   9.5745572e-01   4.1680235e-01
   4.3721031e-01   9.6632471e-01   4.2248579e-01
   4.3909906e-01   9.7060042e-01   4.2618840e-01
   4.4099049e-01   9.7025538e-01   4.2787208e-01
   4.4288462e-01   9.6533015e-01   4.2752857e-01
   4.4478146e-01   9.5593418e-01   4.2518052e-01
   4.4668103e-01   9.4223919e-01   4.2087912e-01
   4.4858334e-01   9.2446381e-01   4.1469785e-01
   4.5048840e-01   9.0289335e-01   4.0674181e-01
   4.5239624e-01   8.7785358e-01   3.9713652e-01
   4.5430685e-01   8.4970593e-01   3.8602614e-01
   4.5622027e-01   8.1884076e-01   3.7357071e-01
   4.5813649e-01   7.8566117e-01   3.5993906e-01
   4.6005553e-01   7.5059481e-01   3.4531435e-01
   4.6197742e-01   7.1405126e-01   3.2987467e-01
   4.6390215e-01   6.7644781e-01   3.1380476e-01
   4.6582974e-01   6.3818409e-01   2.9728435e-01
   4.6776022e-01   5.9964184e-01   2.8048787e-01
   4.6969358e-01   5.6116924e-01   2.6357691e-01
   4.7162985e-01   5.2309693e-01   2.4670751e-01
   4.7356904e-01   4.8571261e-01   2.3001788e-01
   4.7551116e-01   4.4927130e-01   2.1363299e-01
   4.7745623e-01   4.1399541e-01   1.9766420e-01
   4.7940425e-01   3.8007009e-01   1.8220678e-01
   4.8135524e-01   3.4763881e-01   1.6733737e-01
   4.8330922e-01   3.1681774e-01   1.5312058e-01
   4.8526620e-01   2.8769200e-01   1.3960688e-01
   4.8722619e-01   2.6030580e-01   1.2682751e-01
   4.8918920e-01   2.3468700e-01   1.1480608e-01
   4.9115525e-01   2.1083798e-01   1.0355395e-01
   4.9312435e-01   1.8873614e-01   9.3070182e-02
   4.9509652e-01   1.6833825e-01   8.3343500e-02
   4.9707176e-01   1.4960113e-01   7.4362338e-02
   4.9905010e-01   1.3244693e-01   6.6097512e-02
   5.0103154e-01   1.1782672e-01   5.9034776e-02
   5.0301609e-01   1.0900645e-01   5.4831885e-02
   5.0500378e-01   1.0080643e-01   5.0907526e-02
   5.0699461e-01   9.3188780e-02   4.7246113e-02
   5.0898859e-01   8.6130744e-02   4.3839478e-02
   5.1098575e-01   7.9604883e-02   4.0676880e-02
   5.1298609e-01   7.3583794e-02   3.7747389e-02
   5.1498962e-01   6.8035222e-02   3.5037365e-02
   5.1699636e-01   6.2927160e-02   3.2533051e-02
   5.1900633e-01   5.8232774e-02   3.0223121e-02
   5.2101953e-01   5.3930299e-02   2.8098686e-02
   5.2303598e-01   4.9983195e-02   2.6142961e-02
   5.2505568e-01   4.6370103e-02   2.4346842e-02
   5.2707867e-01   4.3064750e-02   2.2698470e-02
   5.2910494e-01   4.0041028e-02   2.1185868e-02
   5.3113451e-01   3.7282895e-02   1.9802197e-02
   5.3316739e-01   3.4769427e-02   1.8537892e-02
   5.3520360e-01   3.2474936e-02   1.7380673e-02
   5.3724315e-01   3.0388614e-02   1.6326047e-02
   5.3928605e-01   2.8485008e-02   1.5361542e-02
   5.4133232e-01   2.6758389e-02   1.4485157e-02
   5.4338196e-01   2.5188410e-02   1.3686905e-02
   5.4543500e-01   2.3764574e-02   1.2962010e-02
   5.4749144e-01   2.2471631e-02   1.2303006e-02
   5.4955130e-01   2.1304107e-02   1.1707681e-02
   5.5161459e-01   2.0246862e-02   1.1168447e-02
   5.5368132e-01   1.9299364e-02   1.0685681e-02
   5.5575151e-01   1.8441787e-02   1.0249035e-02
   5.5782517e-01   1.7673688e-02   9.8588132e-03
   5.5990231e-01   1.6989825e-02   9.5126285e-03
   5.6198295e-01   1.6380188e-02   9.2053731e-03
   5.6406710e-01   1.5839612e-02   8.9345910e-03
   5.6615477e-01   1.5367766e-02   8.7005217e-03
   5.6824598e-01   1.4959532e-02   8.5006820e-03
   5.7034073e-01   1.4609818e-02   8.3325629e-03
   5.7243905e-01   1.4318337e-02   8.1963642e-03
   5.7454094e-01   1.4080052e-02   8.0895554e-03
   5.7664642e-01   1.3889948e-02   8.0095780e-03
   5.7875550e-01   1.3752513e-02   7.9593324e-03
   5.8086819e-01   1.3667480e-02   7.9389943e-03
   5.8298452e-01   1.3629867e-02   7.9459912e-03
   5.8510448e-01   1.3639428e-02   7.9804806e-03
   5.8722810e-01   1.3700625e-02   8.0453821e-03
   5.8935538e-01   1.3813193e-02   8.1408693e-03
   5.9148634e-01   1.3972172e-02   8.2643390e-03
   5.9362100e-01   1.4186680e-02   8.4215013e-03
   5.9575937e-01   1.4456424e-02   8.6125395e-03
   5.9790145e-01   1.4785776e-02   8.8404268e-03
   6.0004727e-01   1.5174425e-02   9.1053620e-03
   6.0219684e-01   1.5626700e-02   9.4103387e-03
   6.0435016e-01   1.6146898e-02   9.7583698e-03
   6.0650726e-01   1.6743917e-02   1.0155296e-02
   6.0866815e-01   1.7421968e-02   1.0604185e-02
   6.1083283e-01   1.8185227e-02   1.1108122e-02
   6.1300134e-01   1.9042439e-02   1.1673028e-02
   6.1517367e-01   2.0002306e-02   1.2304879e-02
   6.1734983e-01   2.1073448e-02   1.3009676e-02
   6.1952986e-01   2.2268993e-02   1.3796292e-02
   6.2171375e-01   2.3597418e-02   1.4670824e-02
   6.2390152e-01   2.5076265e-02   1.5645104e-02
   6.2609319e-01   2.6713808e-02   1.6725317e-02
   6.2828877e-01   2.8531928e-02   1.7926273e-02
   6.3048827e-01   3.0543268e-02   1.9257154e-02
   6.3269170e-01   3.2764894e-02   2.0730057e-02
   6.3489908e-01   3.5227300e-02   2.2365760e-02
   6.3711043e-01   3.7942719e-02   2.4173681e-02
   6.3932576e-01   4.0936809e-02   2.6171933e-02
   6.4154507e-01   4.4239514e-02   2.8381617e-02
   6.4376839e-01   4.7871573e-02   3.0818179e-02
   6.4599573e-01   5.1867033e-02   3.3505854e-02
   6.4822710e-01   5.6255209e-02   3.6466120e-02
   6.5046252e-01   6.1060689e-02   3.9717657e-02
   6.5270199e-01   6.6316805e-02   4.3285076e-02
   6.5494554e-01   7.2056664e-02   4.7193153e-02
   6.5719318e-01   7.8308600e-02   5.1463838e-02
   6.5944492e-01   8.5096361e-02   5.6116319e-02
   6.6170078e-01   9.2452320e-02   6.1175725e-02
   6.6396076e-01   1.0039089e-01   6.6655559e-02
   6.6622489e-01   1.0893082e-01   7.2572373e-02
   6.6849318e-01   1.1808186e-01   7.8936861e-02
   6.7076564e-01   1.2784928e-01   8.5756841e-02
   6.7304229e-01   1.3821630e-01   9.3025347e-02
   6.7532314e-01   1.4916196e-01   1.0073245e-01
   6.7760820e-01   1.6065658e-01   1.0886214e-01
   6.7989749e-01   1.7264450e-01   1.1738048e-01
   6.8219102e-01   1.8505313e-01   1.2624150e-01
   6.8448882e-01   1.9779732e-01   1.3538997e-01
   6.8679089e-01   2.1076209e-01   1.4474939e-01
   6.8909724e-01   2.2382466e-01   1.5423686e-01
   6.9140789e-01   2.3682419e-01   1.6374201e-01
   6.9372286e-01   2.4959257e-01   1.7314797e-01
   6.9604216e-01   2.6193711e-01   1.8231917e-01
   6.9836581e-01   2.7364904e-01   1.9110702e-01
   7.0069382e-01   2.8450854e-01   1.9935326e-01
   7.0302620e-01   2.9428901e-01   2.0689277e-01
   7.0536297e-01   3.0275690e-01   2.1355339e-01
   7.0770414e-01   3.0969751e-01   2.1917410e-01
   7.1004973e-01   3.1489776e-01   2.2359296e-01
   7.1239976e-01   3.1816755e-01   2.2666237e-01
   7.1475424e-01   3.1935654e-01   2.2826133e-01
   7.1711318e-01   3.1833679e-01   2.2828339e-01
   7.1947659e-01   3.1504466e-01   2.2666715e-01
   7.2184451e-01   3.0945514e-01   2.2337838e-01
   7.2421693e-01   3.0160243e-01   2.1842549e-01
   7.2659387e-01   2.9157950e-01   2.1185978e-01
   7.2897535e-01   2.7953306e-01   2.0377262e-01
   7.3136139e-01   2.6566758e-01   1.9429893e-01
   7.3375200e-01   2.5023190e-01   1.8360808e-01
   7.3614719e-01   2.3352722e-01   1.7191034e-01
   7.3854699e-01   2.1586515e-01   1.5942649e-01
   7.4095140e-01   1.9759217e-01   1.4640613e-01
   7.4336044e-01   1.7904804e-01   1.3309718e-01
   7.4577412e-01   1.6056995e-01   1.1974887e-01
   7.4819247e-01   1.4248006e-01   1.0660247e-01
   7.5061550e-01   1.2505279e-01   9.3866526e-02
   7.5304323e-01   1.1123516e-01   8.3764857e-02
   7.5547566e-01   9.8082182e-02   7.4098676e-02
   7.5791282e-01   8.5286971e-02   6.4640068e-02
   7.6035471e-01   7.3117715e-02   5.5595381e-02
   7.6280137e-01   6.1799648e-02   4.7140842e-02
   7.6525280e-01   5.1486982e-02   3.9400545e-02
   7.6770902e-01   4.2275722e-02   3.2455443e-02
   7.7017004e-01   3.4208327e-02   2.6346222e-02
   7.7263589e-01   2.7270168e-02   2.1069905e-02
   7.7510657e-01   2.1414323e-02   1.6598378e-02
   7.7758211e-01   1.6565958e-02   1.2881389e-02
   7.8006252e-01   1.2618556e-02   9.8432599e-03
   7.8254781e-01   9.4663972e-03   7.4079067e-03
   7.8503801e-01   6.9885227e-03   5.4862547e-03
   7.8753313e-01   5.0809056e-03   4.0013806e-03
   7.9003319e-01   3.6363189e-03   2.8728120e-03
   7.9253819e-01   2.5603270e-03   2.0291565e-03
   7.9504817e-01   1.7751453e-03   1.4113257e-03
   7.9756313e-01   1.2075637e-03   9.6310813e-04
   8.0008310e-01   8.1269323e-04   6.5022201e-04
   8.0260809e-01   5.3412337e-04   4.2869167e-04
   8.0513811e-01   3.4747561e-04   2.7976581e-04
   8.0767319e-01   2.2067971e-04   1.7823706e-04
   8.1021334e-01   1.3764929e-04   1.1152527e-04
   8.1275858e-01   8.6349302e-05   7.0181126e-05
   8.1530892e-01   5.0922364e-05   4.1517452e-05
   8.1786439e-01   3.1273980e-05   2.5577872e-05
   8.2042500e-01   1.9506971e-05   1.6004005e-05
   8.2299076e-01   1.1680637e-05   9.6130553e-06
   8.2556170e-01   7.7714041e-06   6.4157730e-06
   8.2813784e-01   3.8778635e-06   3.2114052e-06
   8.3071918e-01   0.0000000e+00   0.0000000e+00
   8.3330576e-01   0.0000000e+00   0.0000000e+00
   8.3589758e-01   0.0000000e+00   0.0000000e+00
   8.3849466e-01   0.0000000e+00   0.0000000e+00
   8.4109702e-01   0.0000000e+00   0.0000000e+00
   8.4370469e-01   0.0000000e+00   0.0000000e+00
   8.4631767e-01   0.0000000e+00   0.0000000e+00
   8.4893599e-01   0.0000000e+00   0.0000000e+00
   8.5155967e-01   0.0000000e+00   0.0000000e+00
   8.5418871e-01   0.0000000e+00   0.0000000e+00
   8.5682315e-01   0.0000000e+00   0.0000000e+00
   8.5946300e-01   0.0000000e+00   0.0000000e+00
   8.6210828e-01   0.0000000e+00   0.0000000e+00
   8.6475900e-01   0.0000000e+00   0.0000000e+00
   8.6741520e-01   0.0000000e+00   0.0000000e+00
   8.7007687e-01   0.0000000e+00   0.0000000e+00
   8.7274405e-01   0.0000000e+00   0.0000000e+00
   8.7541675e-01   0.0000000e+00   0.0000000e+00
   8.7809500e-01   0.0000000e+00   0.0000000e+00
   8.8077880e-01   0.0000000e+00   0.0000000e+00
   8.8346819e-01   0.0000000e+00   0.0000000e+00
   8.8616317e-01   0.0000000e+00   0.0000000e+00
   8.8886378e-01   0.0000000e+00   0.0000000e+00
   8.9157002e-01   0.0000000e+00   0.0000000e+00
   8.9428192e-01   0.0000000e+00   0.0000000e+00
   8.9699950e-01   0.0000000e+00   0.0000000e+00
   8.9972284e-01   0.0000000e+00   0.0000000e+00
   9.0245184e-01   0.0000000e+00   0.0000000e+00
   9.0518657e-01   0.0000000e+00   0.0000000e+00
   9.0792707e-01   0.0000000e+00   0.0000000e+00
   9.1067334e-01   0.0000000e+00   0.0000000e+00
   9.1342542e-01   0.0000000e+00   0.0000000e+00
   9.1618331e-01   0.0000000e+00   0.0000000e+00
   9.1894704e-01   0.0000000e+00   0.0000000e+00
   9.2171664e-01   0.0000000e+00   0.0000000e+00
   9.2449211e-01   0.0000000e+00   0.0000000e+00
   9.2727349e-01   0.0000000e+00   0.0000000e+00
   9.3006078e-01   0.0000000e+00   0.0000000e+00
   9.3285403e-01   0.0000000e+00   0.0000000e+00
   9.3565323e-01   0.0000000e+00   0.0000000e+00
   9.3845843e-01   0.0000000e+00   0.0000000e+00
   9.4126963e-01   0.0000000e+00   0.0000000e+00
   9.4408686e-01   0.0000000e+00   0.0000000e+00
   9.4691014e-01   0.0000000e+00   0.0000000e+00
   9.4973950e-01   0.0000000e+00   0.0000000e+00
   9.5257494e-01   0.0000000e+00   0.0000000e+00
   9.5541651e-01   0.0000000e+00   0.0000000e+00
   9.5826421e-01   0.0000000e+00   0.0000000e+00
   9.6111808e-01   0.0000000e+00   0.0000000e+00
   9.6397812e-01   0.0000000e+00   0.0000000e+00
   9.6684437e-01   0.0000000e+00   0.0000000e+00
   9.6971685e-01   0.0000000e+00   0.0000000e+00
   9.7259558e-01   0.0000000e+00   0.0000000e+00
   9.7548058e-01   0.0000000e+00   0.0000000e+00
   9.7837187e-01   0.0000000e+00   0.0000000e+00
   9.8126949e-01   0.0000000e+00   0.0000000e+00
   9.8417345e-01   0.0000000e+00   0.0000000e+00
   9.8708377e-01   0.0000000e+00   0.0000000e+00
   9.9000048e-01   0.0000000e+00   0.0000000e+00
   9.9292360e-01   0.0000000e+00   0.0000000e+00
   9.9585316e-01   0.0000000e+00   0.0000000e+00
   9.9878918e-01   0.0000000e+00   0.0000000e+00
   1.0017317e+00   0.0000000e+00   0.0000000e+00
   1.0046807e+00   0.0000000e+00   0.0000000e+00
   1.0076362e+00   0.0000000e+00   0.0000000e+00
   1.0105983e+00   0.0000000e+00   0.0000000e+00
   1.0135670e+00   0.0000000e+00   0.0000000e+00
   1.0165423e+00   0.0000000e+00   0.0000000e+00
   1.0195242e+00   0.0000000e+00   0.0000000e+00
   1.0225128e+00   0.0000000e+00   0.0000000e+00
   1.0255080e+00   0.0000000e+00   0.0000000e+00
   1.0285100e+00   0.0000000e+00   0.0000000e+00
   1.0315187e+00   0.0000000e+00   0.0000000e+00
   1.0345341e+00   0.0000000e+00   0.0000000e+00
   1.0375563e+00   0.0000000e+00   0.0000000e+00
   1.0405854e+00   0.0000000e+00   0.0000000e+00
   1.0436212e+00   0.0000000e+00   0.0000000e+00
   1.0466639e+00   0.0000000e+00   0.0000000e+00
   1.0497136e+00   0.0000000e+00   0.0000000e+00
   1.0527701e+00   0.0000000e+00   0.0000000e+00
   1.0558335e+00   0.0000000e+00   0.0000000e+00
   1.0589040e+00   0.0000000e+00   0.0000000e+00
   1.0619814e+00   0.0000000e+00   0.0000000e+00
   1.0650658e+00   0.0000000e+00   0.0000000e+00
   1.0681573e+00   0.0000000e+00   0.0000000e+00
   1.0712559e+00   0.0000000e+00   0.0000000e+00
   1.0743616e+00   0.0000000e+00   0.0000000e+00
   1.0774744e+00   0.0000000e+00   0.0000000e+00
   1.0805943e+00   0.0000000e+00   0.0000000e+00
   1.0837215e+00   0.0000000e+00   0.0000000e+00
   1.0868558e+00   0.0000000e+00   0.0000000e+00
   1.0899974e+00   0.0000000e+00   0.0000000e+00
   1.0931463e+00   0.0000000e+00   0.0000000e+00
   1.0963025e+00   0.0000000e+00   0.0000000e+00
   1.0994660e+00   0.0000000e+00   0.0000000e+00
   1.1026369e+00   0.0000000e+00   0.0000000e+00
   1.1058151e+00   0.0000000e+00   0.0000000e+00
   1.1090008e+00   0.0000000e+00   0.0000000e+00
   1.1121940e+00   0.0000000e+00   0.0000000e+00
   1.1153946e+00   0.0000000e+00   0.0000000e+00
   1.1186027e+00   0.0000000e+00   0.0000000e+00
   1.1218184e+00   0.0000000e+00   0.0000000e+00
   1.1250416e+00   0.0000000e+00   0.0000000e+00
   1.1282725e+00   0.0000000e+00   0.0000000e+00
   1.1315109e+00   0.0000000e+00   0.0000000e+00
   1.1347571e+00   0.0000000e+00   0.0000000e+00
   1.1380110e+00   0.0000000e+00   0.0000000e+00
   1.1412725e+00   0.0000000e+00   0.0000000e+00
   1.1445419e+00   0.0000000e+00   0.0000000e+00
   1.1478190e+00   0.0000000e+00   0.0000000e+00
   1.1511040e+00   0.0000000e+00   0.0000000e+00
   1.1543968e+00   0.0000000e+00   0.0000000e+00
   1.1576976e+00   0.0000000e+00   0.0000000e+00
   1.1610062e+00   0.0000000e+00   0.0000000e+00
   1.1643229e+00   0.0000000e+00   0.0000000e+00
   1.1676475e+00   0.0000000e+00   0.0000000e+00
   1.1709802e+00   0.0000000e+00   0.0000000e+00
   1.1743209e+00   0.0000000e+00   0.0000000e+00
   1.1776697e+00   0.0000000e+00   0.0000000e+00
   1.1810267e+00   0.0000000e+00   0.0000000e+00
   1.1843918e+00   0.0000000e+00   0.0000000e+00
   1.1877652e+00   0.0000000e+00   0.0000000e+00
   1.1911468e+00   0.0000000e+00   0.0000000e+00
   1.1945367e+00   0.0000000e+00   0.0000000e+00
   1.1979349e+00   0.0000000e+00   0.0000000e+00
   1.2013414e+00   0.0000000e+00   0.0000000e+00
   1.2047564e+00   0.0000000e+00   0.0000000e+00
   1.2081798e+00   0.0000000e+00   0.0000000e+00
   1.2116117e+00   0.0000000e+00   0.0000000e+00
   1.2150520e+00   0.0000000e+00   0.0000000e+00
   1.2185009e+00   0.0000000e+00   0.0000000e+00
   1.2219584e+00   0.0000000e+00   0.0000000e+00
   1.2254246e+00   0.0000000e+00   0.0000000e+00
   1.2288994e+00   0.0000000e+00   0.0000000e+00
   1.2323829e+00   0.0000000e+00   0.0000000e+00
   1.2358752e+00   0.0000000e+00   0.0000000e+00
   1.2393762e+00   0.0000000e+00   0.0000000e+00
   1.2428861e+00   0.0000000e+00   0.0000000e+00
   1.2464049e+00   0.0000000e+00   0.0000000e+00
   1.2499325e+00   0.0000000e+00   0.0000000e+00
   1.2534692e+00   0.0000000e+00   0.0000000e+00
   1.2570148e+00   0.0000000e+00   0.0000000e+00
   1.2605695e+00   0.0000000e+00   0.0000000e+00
   1.2641332e+00   0.0000000e+00   0.0000000e+00
   1.2677062e+00   0.0000000e+00   0.0000000e+00
   1.2712882e+00   0.0000000e+00   0.0000000e+00
   1.2748796e+00   0.0000000e+00   0.0000000e+00
   1.2784801e+00   0.0000000e+00   0.0000000e+00
   1.2820900e+00   0.0000000e+00   0.0000000e+00
   1.2857093e+00   0.0000000e+00   0.0000000e+00
   1.2893380e+00   0.0000000e+00   0.0000000e+00
   1.2929761e+00   0.0000000e+00   0.0000000e+00
   1.2966238e+00   0.0000000e+00   0.0000000e+00
   1.3002810e+00   0.0000000e+00   0.0000000e+00
   1.3039478e+00   0.0000000e+00   0.0000000e+00
   1.3076243e+00   0.0000000e+00   0.0000000e+00
   1.3113105e+00   0.0000000e+00   0.0000000e+00
   1.3150064e+00   0.0000000e+00   0.0000000e+00
   1.3187122e+00   0.0000000e+00   0.0000000e+00
   1.3224278e+00   0.0000000e+00   0.0000000e+00
   1.3261533e+00   0.0000000e+00   0.0000000e+00
   1.3298888e+00   0.0000000e+00   0.0000000e+00
   1.3336343e+00   0.0000000e+00   0.0000000e+00
   1.3373899e+00   0.0000000e+00   0.0000000e+00
   1.3411557e+00   0.0000000e+00   0.0000000e+00
   1.3449316e+00   0.0000000e+00   0.0000000e+00
   1.3487178e+00   0.0000000e+00   0.0000000e+00
   1.3525143e+00   0.0000000e+00   0.0000000e+00
   1.3563211e+00   0.0000000e+00   0.0000000e+00
   1.3601384e+00   0.0000000e+00   0.0000000e+00
   1.3639661e+00   0.0000000e+00   0.0000000e+00
   1.3678044e+00   0.0000000e+00   0.0000000e+00
   1.3716533e+00   0.0000000e+00   0.0000000e+00
   1.3755129e+00   0.0000000e+00   0.0000000e+00
   1.3793832e+00   0.0000000e+00   0.0000000e+00
   1.3832643e+00   0.0000000e+00   0.0000000e+00
   1.3871562e+00   0.0000000e+00   0.0000000e+00
   1.3910590e+00   0.0000000e+00   0.0000000e+00
   1.3949729e+00   0.0000000e+00   0.0000000e+00
   1.3988978e+00   0.0000000e+00   0.0000000e+00
   1.4028338e+00   0.0000000e+00   0.0000000e+00
   1.4067810e+00   0.0000000e+00   0.0000000e+00
   1.4107394e+00   0.0000000e+00   0.0000000e+00
   1.4147092e+00   0.0000000e+00   0.0000000e+00
   1.4186904e+00   0.0000000e+00   0.0000000e+00
   1.4226830e+00   0.0000000e+00   0.0000000e+00
   1.4266872e+00   0.0000000e+00   0.0000000e+00
   1.4307030e+00   0.0000000e+00   0.0000000e+00
   1.4347306e+00   0.0000000e+00   0.0000000e+00
   1.4387698e+00   0.0000000e+00   0.0000000e+00
   1.4428209e+00   0.0000000e+00   0.0000000e+00
   1.4468840e+00   0.0000000e+00   0.0000000e+00
   1.4509590e+00   0.0000000e+00   0.0000000e+00
   1.4550462e+00   0.0000000e+00   0.0000000e+00
   1.4591454e+00   0.0000000e+00   0.0000000e+00
   1.4632570e+00   0.0000000e+00   0.0000000e+00
   1.4673809e+00   0.0000000e+00   0.0000000e+00
   1.4715171e+00   0.0000000e+00   0.0000000e+00
   1.4756659e+00   0.0000000e+00   0.0000000e+00
   1.4798273e+00   0.0000000e+00   0.0000000e+00
   1.4840013e+00   0.0000000e+00   0.0000000e+00
   1.4881882e+00   2.3847870e-06   3.5490178e-06
   1.4923878e+00   4.7549413e-06   7.0962286e-06
   1.4966005e+00   9.4805875e-06   1.4188676e-05
   1.5008261e+00   1.8902524e-05   2.8369451e-05
   1.5050649e+00   4.0043094e-05   6.0267562e-05
   1.5093170e+00   7.7488243e-05   1.1695453e-04
   1.5135824e+00   1.4980945e-04   2.2674934e-04
   1.5178612e+00   2.7534218e-04   4.1793196e-04
   1.5221535e+00   4.9311948e-04   7.5060492e-04
   1.5264595e+00   8.5790164e-04   1.3095545e-03
   1.5307792e+00   1.4468500e-03   2.2148120e-03
   1.5351128e+00   2.3683695e-03   3.6357212e-03
   1.5394603e+00   3.7524012e-03   5.7766836e-03
   1.5438219e+00   5.7569138e-03   8.8876665e-03
   1.5481976e+00   8.5514418e-03   1.3239348e-02
   1.5525876e+00   1.2291552e-02   1.9083751e-02
   1.5569923e+00   1.7086032e-02   2.6602871e-02
   1.5614112e+00   2.2962919e-02   3.5854631e-02
   1.5658448e+00   2.9822410e-02   4.6697360e-02
   1.5702931e+00   3.7414455e-02   5.8751783e-02
   1.5747563e+00   4.5330762e-02   7.1385052e-02
   1.5792345e+00   5.3021245e-02   8.3733156e-02
   1.5837278e+00   5.9852090e-02   9.4789622e-02
   1.5882364e+00   6.5184816e-02   1.0352912e-01
   1.5927603e+00   6.8478029e-02   1.0906932e-01
   1.5972997e+00   6.9373938e-02   1.1081122e-01
   1.6018548e+00   6.7758910e-02   1.0854017e-01
   1.6064256e+00   6.3798656e-02   1.0248803e-01
   1.6110123e+00   5.7894271e-02   9.3268597e-02
   1.6156151e+00   5.0626013e-02   8.1792339e-02
   1.6202341e+00   4.2657125e-02   6.9114689e-02
   1.6248694e+00   3.4628824e-02   5.6267448e-02
   1.6295211e+00   2.7081082e-02   4.4129301e-02
   1.6341895e+00   2.0400797e-02   3.3338849e-02
   1.6388747e+00   1.4805178e-02   2.4263891e-02
   1.6435768e+00   1.0348929e-02   1.7009302e-02
   1.6482960e+00   6.9694252e-03   1.1487704e-02
   1.6530324e+00   4.5204404e-03   7.4724532e-03
   1.6577862e+00   2.8261908e-03   4.6852320e-03
   1.6625576e+00   1.7007513e-03   2.8276042e-03
   1.6673467e+00   9.8790061e-04   1.6471771e-03
   1.6721537e+00   5.5232142e-04   9.2356873e-04
   1.6769787e+00   2.9787811e-04   4.9953660e-04
   1.6818221e+00   1.5455877e-04   2.5994106e-04
   1.6866838e+00   8.4171074e-05   1.4197037e-04
   1.6915641e+00   4.2947219e-05   7.2648176e-05
   1.6964632e+00   2.0372417e-05   3.4561153e-05
   1.7013813e+00   1.0146803e-05   1.7263631e-05
   1.7063186e+00   4.0429250e-06   6.8985378e-06
   1.7112751e+00   2.0135472e-06   3.4457433e-06
   1.7162513e+00   0.0000000e+00   0.0000000e+00
   1.7212472e+00   0.0000000e+00   0.0000000e+00
   1.7262630e+00   0.0000000e+00   0.0000000e+00
   1.7312989e+00   0.0000000e+00   0.0000000e+00
   1.7363553e+00   0.0000000e+00   0.0000000e+00
   1.7414322e+00   0.0000000e+00   0.0000000e+00
   1.7465299e+00   0.0000000e+00   0.0000000e+00
   1.7516486e+00   0.0000000e+00   0.0000000e+00
   1.7567885e+00   0.0000000e+00   0.0000000e+00
   1.7619499e+00   0.0000000e+00   0.0000000e+00
   1.7671329e+00   0.0000000e+00   0.0000000e+00
   1.7723379e+00   0.0000000e+00   0.0000000e+00
   1.7775651e+00   0.0000000e+00   0.0000000e+00
   1.7828147e+00   0.0000000e+00   0.0000000e+00
   1.7880872e+00   0.0000000e+00   0.0000000e+00
   1.7933823e+00   0.0000000e+00   0.0000000e+00
   1.7987006e+00   0.0000000e+00   0.0000000e+00
   1.8040424e+00   0.0000000e+00   0.0000000e+00
   1.8094078e+00   0.0000000e+00   0.0000000e+00
   1.8147972e+00   0.0000000e+00   0.0000000e+00
   1.8202108e+00   0.0000000e+00   0.0000000e+00
   1.8256490e+00   0.0000000e+00   0.0000000e+00
   1.8311119e+00   0.0000000e+00   0.0000000e+00
   1.8365999e+00   0.0000000e+00   0.0000000e+00
   1.8421133e+00   0.0000000e+00   0.0000000e+00
   1.8476524e+00   0.0000000e+00   0.0000000e+00
   1.8532175e+00   0.0000000e+00   0.0000000e+00
   1.8588089e+00   0.0000000e+00   0.0000000e+00
   1.8644268e+00   0.0000000e+00   0.0000000e+00
   1.8700718e+00   0.0000000e+00   0.0000000e+00
   1.8757439e+00   0.0000000e+00   0.0000000e+00
   1.8814437e+00   0.0000000e+00   0.0000000e+00
   1.8871714e+00   0.0000000e+00   0.0000000e+00
   1.8929274e+00   0.0000000e+00   0.0000000e+00
   1.8987121e+00   0.0000000e+00   0.0000000e+00
   1.9045257e+00   0.0000000e+00   0.0000000e+00
   1.9103686e+00   0.0000000e+00   0.0000000e+00
   1.9162413e+00   0.0000000e+00   0.0000000e+00
   1.9221441e+00   0.0000000e+00   0.0000000e+00
   1.9280774e+00   0.0000000e+00   0.0000000e+00
   1.9340416e+00   0.0000000e+00   0.0000000e+00
   1.9400370e+00   0.0000000e+00   0.0000000e+00
   1.9460642e+00   0.0000000e+00   0.0000000e+00
   1.9521234e+00   0.0000000e+00   0.0000000e+00
   1.9582151e+00   0.0000000e+00   0.0000000e+00
   1.9643398e+00   0.0000000e+00   0.0000000e+00
   1.9704979e+00   0.0000000e+00   0.0000000e+00
   1.9766898e+00   0.0000000e+00   0.0000000e+00
   1.9829160e+00   0.0000000e+00   0.0000000e+00
   1.9891769e+00   0.0000000e+00   0.0000000e+00
   1.9954731e+00   0.0000000e+00   0.0000000e+00
   2.0018049e+00   0.0000000e+00   0.0000000e+00
   2.0081729e+00   0.0000000e+00   0.0000000e+00
   2.0145776e+00   0.0000000e+00   0.0000000e+00
   2.0210195e+00   0.0000000e+00   0.0000000e+00
   2.0274991e+00   0.0000000e+00   0.0000000e+00
   2.0340169e+00   0.0000000e+00   0.0000000e+00
   2.0405734e+00   0.0000000e+00   0.0000000e+00
   2.0471693e+00   0.0000000e+00   0.0000000e+00
   2.0538050e+00   0.0000000e+00   0.0000000e+00
   2.0604812e+00   0.0000000e+00   0.0000000e+00
   2.0671983e+00   0.0000000e+00   0.0000000e+00
   2.0739571e+00   0.0000000e+00   0.0000000e+00
   2.0807580e+00   0.0000000e+00   0.0000000e+00
   2.0876018e+00   0.0000000e+00   0.0000000e+00
   2.0944889e+00   0.0000000e+00   0.0000000e+00
   2.1014201e+00   0.0000000e+00   0.0000000e+00
   2.1083961e+00   0.0000000e+00   0.0000000e+00
   2.1154173e+00   0.0000000e+00   0.0000000e+00
   2.1224846e+00   0.0000000e+00   0.0000000e+00
   2.1295987e+00   0.0000000e+00   0.0000000e+00
   2.1367601e+00   0.0000000e+00   0.0000000e+00
   2.1439702e+00   0.0000000e+00   0.0000000e+00
   2.1512286e+00   0.0000000e+00   0.0000000e+00
   2.1585366e+00   0.0000000e+00   0.0000000e+00
   2.1658950e+00   0.0000000e+00   0.0000000e+00
   2.1733045e+00   0.0000000e+00   0.0000000e+00
   2.1807659e+00   0.0000000e+00   0.0000000e+00
   2.1882799e+00   0.0000000e+00   0.0000000e+00
   2.1958475e+00   0.0000000e+00   0.0000000e+00
   2.2034694e+00   0.0000000e+00   0.0000000e+00
   2.2111464e+00   0.0000000e+00   0.0000000e+00
   2.2188795e+00   0.0000000e+00   0.0000000e+00
   2.2266695e+00   0.0000000e+00   0.0000000e+00
   2.2345173e+00   0.0000000e+00   0.0000000e+00
   2.2424238e+00   0.0000000e+00   0.0000000e+00
   2.2503899e+00   0.0000000e+00   0.0000000e+00
   2.2584167e+00   0.0000000e+00   0.0000000e+00
   2.2665050e+00   0.0000000e+00   0.0000000e+00
   2.2746558e+00   0.0000000e+00   0.0000000e+00
   2.2828702e+00   0.0000000e+00   0.0000000e+00
   2.2911492e+00   0.0000000e+00   0.0000000e+00
   2.2994938e+00   0.0000000e+00   0.0000000e+00
   2.3079051e+00   0.0000000e+00   0.0000000e+00
   2.3163842e+00   0.0000000e+00   0.0000000e+00
   2.3249321e+00   0.0000000e+00   0.0000000e+00
   2.3335501e+00   0.0000000e+00   0.0000000e+00
   2.3422392e+00   0.0000000e+00   0.0000000e+00
   2.3510007e+00   0.0000000e+00   0.0000000e+00
   2.3598357e+00   0.0000000e+00   0.0000000e+00
   2.3687455e+00   0.0000000e+00   0.0000000e+00
   2.3777312e+00   0.0000000e+00   0.0000000e+00
   2.3867943e+00   0.0000000e+00   0.0000000e+00
   2.3959359e+00   0.0000000e+00   0.0000000e+00
   2.4051574e+00   0.0000000e+00   0.0000000e+00
   2.4144602e+00   0.0000000e+00   0.0000000e+00
   2.4238455e+00   0.0000000e+00   0.0000000e+00
   2.4333156e+00   0.0000000e+00   0.0000000e+00
   2.4428705e+00   0.0000000e+00   0.0000000e+00
   2.4525124e+00   0.0000000e+00   0.0000000e+00
   2.4622426e+00   0.0000000e+00   0.0000000e+00
   2.4720628e+00   0.0000000e+00   0.0000000e+00
   2.4819744e+00   0.0000000e+00   0.0000000e+00
   2.4919791e+00   0.0000000e+00   0.0000000e+00
   2.5020784e+00   0.0000000e+00   0.0000000e+00
   2.5122740e+00   0.0000000e+00   0.0000000e+00
   2.5225676e+00   0.0000000e+00   0.0000000e+00
   2.5329609e+00   0.0000000e+00   0.0000000e+00
   2.5434556e+00   0.0000000e+00   0.0000000e+00
   2.5540535e+00   0.0000000e+00   0.0000000e+00
   2.5647564e+00   0.0000000e+00   0.0000000e+00
   2.5755662e+00   0.0000000e+00   0.0000000e+00
   2.5864847e+00   0.0000000e+00   0.0000000e+00
   2.5975139e+00   0.0000000e+00   0.0000000e+00
   2.6086558e+00   0.0000000e+00   0.0000000e+00
   2.6199123e+00   0.0000000e+00   0.0000000e+00
   2.6312855e+00   0.0000000e+00   0.0000000e+00
   2.6427774e+00   0.0000000e+00   0.0000000e+00
   2.6543902e+00   0.0000000e+00   0.0000000e+00
   2.6661262e+00   0.0000000e+00   0.0000000e+00
   2.6779873e+00   0.0000000e+00   0.0000000e+00
   2.6899770e+00   0.0000000e+00   0.0000000e+00
   2.7020957e+00   0.0000000e+00   0.0000000e+00
   2.7143467e+00   0.0000000e+00   0.0000000e+00
   2.7267322e+00   0.0000000e+00   0.0000000e+00
   2.7392548e+00   0.0000000e+00   0.0000000e+00
   2.7519170e+00   0.0000000e+00   0.0000000e+00
   2.7647213e+00   0.0000000e+00   0.0000000e+00
   2.7776703e+00   0.0000000e+00   0.0000000e+00
   2.7907667e+00   0.0000000e+00   0.0000000e+00
   2.8040133e+00   0.0000000e+00   0.0000000e+00
   2.8174127e+00   0.0000000e+00   0.0000000e+00
   2.8309678e+00   0.0000000e+00   0.0000000e+00
   2.8446816e+00   0.0000000e+00   0.0000000e+00
   2.8585569e+00   0.0000000e+00   0.0000000e+00
   2.8725968e+00   0.0000000e+00   0.0000000e+00
   2.8868043e+00   0.0000000e+00   0.0000000e+00
   2.9011827e+00   0.0000000e+00   0.0000000e+00
   2.9157351e+00   0.0000000e+00   0.0000000e+00
   2.9304648e+00   0.0000000e+00   0.0000000e+00
   2.9453752e+00   0.0000000e+00   0.0000000e+00
   2.9604697e+00   0.0000000e+00   0.0000000e+00
   2.9757518e+00   0.0000000e+00   0.0000000e+00
   2.9912251e+00   0.0000000e+00   0.0000000e+00
   3.0068932e+00   0.0000000e+00   0.0000000e+00
   3.0227600e+00   0.0000000e+00   0.0000000e+00
   3.0388292e+00   0.0000000e+00   0.0000000e+00
   3.0551047e+00   0.0000000e+00   0.0000000e+00
   3.0715920e+00   0.0000000e+00   0.0000000e+00
   3.0882926e+00   0.0000000e+00   0.0000000e+00
   3.1052119e+00   0.0000000e+00   0.0000000e+00
   3.1223542e+00   0.0000000e+00   0.0000000e+00
   3.1397239e+00   0.0000000e+00   0.0000000e+00
   3.1573255e+00   0.0000000e+00   0.0000000e+00
   3.1751636e+00   0.0000000e+00   0.0000000e+00
   3.1932429e+00   0.0000000e+00   0.0000000e+00
   3.2115683e+00   0.0000000e+00   0.0000000e+00
   3.2301463e+00   0.0000000e+00   0.0000000e+00
   3.2489792e+00   0.0000000e+00   0.0000000e+00
   3.2680749e+00   0.0000000e+00   0.0000000e+00
   3.2874361e+00   0.0000000e+00   0.0000000e+00
   3.3070695e+00   0.0000000e+00   0.0000000e+00
   3.3269807e+00   0.0000000e+00   0.0000000e+00
   3.3471755e+00   0.0000000e+00   0.0000000e+00
   3.3676599e+00   0.0000000e+00   0.0000000e+00
   3.3884398e+00   0.0000000e+00   0.0000000e+00
   3.4095216e+00   0.0000000e+00   0.0000000e+00
   3.4309115e+00   0.0000000e+00   0.0000000e+00
   3.4526163e+00   0.0000000e+00   0.0000000e+00
   3.4746426e+00   0.0000000e+00   0.0000000e+00
   3.4969973e+00   0.0000000e+00   0.0000000e+00
   3.5196877e+00   0.0000000e+00   0.0000000e+00
   3.5427209e+00   0.0000000e+00   0.0000000e+00
   3.5661046e+00   0.0000000e+00   0.0000000e+00
   3.5898464e+00   0.0000000e+00   0.0000000e+00
   3.6139542e+00   0.0000000e+00   0.0000000e+00
   3.6384364e+00   0.0000000e+00   0.0000000e+00
   3.6633012e+00   0.0000000e+00   0.0000000e+00
   3.6885595e+00   0.0000000e+00   0.0000000e+00
   3.7142164e+00   0.0000000e+00   0.0000000e+00
   3.7402827e+00   0.0000000e+00   0.0000000e+00
   3.7667702e+00   0.0000000e+00   0.0000000e+00
   3.7936847e+00   0.0000000e+00   0.0000000e+00
   3.8210379e+00   0.0000000e+00   0.0000000e+00
   3.8488402e+00   0.0000000e+00   0.0000000e+00
   3.8771047e+00   0.0000000e+00   0.0000000e+00
   3.9058382e+00   0.0000000e+00   0.0000000e+00
   3.9350539e+00   0.0000000e+00   0.0000000e+00
   3.9647636e+00   0.0000000e+00   0.0000000e+00
   3.9949793e+00   0.0000000e+00   0.0000000e+00
   4.0257135e+00   0.0000000e+00   0.0000000e+00
   4.0569791e+00   0.0000000e+00   0.0000000e+00
   4.0887894e+00   0.0000000e+00   0.0000000e+00
   4.1211581e+00   0.0000000e+00   0.0000000e+00
   4.1540994e+00   0.0000000e+00   0.0000000e+00
   4.1876280e+00   0.0000000e+00   0.0000000e+00
   4.2217590e+00   0.0000000e+00   0.0000000e+00
   4.2565081e+00   0.0000000e+00   0.0000000e+00
   4.2918973e+00   0.0000000e+00   0.0000000e+00
   4.3279332e+00   0.0000000e+00   0.0000000e+00
   4.3646378e+00   0.0000000e+00   0.0000000e+00
   4.4020292e+00   0.0000000e+00   0.0000000e+00
   4.4401259e+00   0.0000000e+00   0.0000000e+00
   4.4789474e+00   0.0000000e+00   0.0000000e+00
   4.5185135e+00   0.0000000e+00   0.0000000e+00
   4.5588485e+00   0.0000000e+00   0.0000000e+00
   4.5999680e+00   0.0000000e+00   0.0000000e+00
   4.6418969e+00   0.0000000e+00   0.0000000e+00
   4.6846585e+00   0.0000000e+00   0.0000000e+00
   4.7282768e+00   0.0000000e+00   0.0000000e+00
   4.7727805e+00   0.0000000e+00   0.0000000e+00
   4.8181925e+00   0.0000000e+00   0.0000000e+00
   4.8645368e+00   0.0000000e+00   0.0000000e+00
   4.9118485e+00   0.0000000e+00   0.0000000e+00
   4.9601492e+00   0.0000000e+00   0.0000000e+00
   5.0094729e+00   0.0000000e+00   0.0000000e+00
   5.0598511e+00   0.0000000e+00   0.0000000e+00
   5.1113168e+00   0.0000000e+00   0.0000000e+00
   5.1639042e+00   0.0000000e+00   0.0000000e+00
   5.2176536e+00   0.0000000e+00   0.0000000e+00
   5.2725947e+00   0.0000000e+00   0.0000000e+00
   5.3287735e+00   0.0000000e+00   0.0000000e+00
   5.3862294e+00   0.0000000e+00   0.0000000e+00
   5.4449989e+00   0.0000000e+00   0.0000000e+00
   5.5051356e+00   0.0000000e+00   0.0000000e+00
   5.5666769e+00   0.0000000e+00   0.0000000e+00
   5.6296753e+00   0.0000000e+00   0.0000000e+00
   5.6941813e+00   0.0000000e+00   0.0000000e+00
   5.7602481e+00   0.0000000e+00   0.0000000e+00
   5.8279359e+00   0.0000000e+00   0.0000000e+00
   5.8973006e+00   0.0000000e+00   0.0000000e+00
   5.9683974e+00   1.3888481e-07   8.2900528e-07
   6.0413048e+00   2.7086385e-07   1.6365417e-06
   6.1160731e+00   5.2813816e-07   3.2304785e-06
   6.1927803e+00   1.1580546e-06   7.1723700e-06
   6.2715062e+00   2.1311352e-06   1.3366932e-05
   6.3523197e+00   4.0291227e-06   2.5597250e-05
   6.4353136e+00   7.3699475e-06   4.7433561e-05
   6.5205706e+00   1.3189331e-05   8.6012441e-05
   6.6081806e+00   2.2963835e-05   1.5176816e-04
   6.6982413e+00   3.9415663e-05   2.6404946e-04
   6.7908491e+00   6.5999128e-05   4.4824950e-04
   6.8861225e+00   1.0810997e-04   7.4455962e-04
   6.9841707e+00   1.7337567e-04   1.2110542e-03
   7.0851124e+00   2.7183280e-04   1.9262425e-03
   7.1890761e+00   4.1709741e-04   2.9989867e-03
   7.2961902e+00   6.2620427e-04   4.5696018e-03
   7.4066090e+00   9.2020942e-04   6.8167022e-03
   7.5204870e+00   1.3238449e-03   9.9575562e-03
   7.6379654e+00   1.8645937e-03   1.4244083e-02
   7.7592414e+00   2.5715282e-03   1.9956525e-02
   7.8844803e+00   3.4736039e-03   2.7392421e-02
   8.0138876e+00   4.5963296e-03   3.6841170e-02
   8.1476511e+00   5.9588384e-03   4.8559738e-02
   8.2860178e+00   7.5699761e-03   6.2737220e-02
   8.4292187e+00   9.4265067e-03   7.9474087e-02
   8.5774937e+00   1.1508263e-02   9.8732656e-02
   8.7311201e+00   1.3776136e-02   1.2030719e-01
   8.8904030e+00   1.6174580e-02   1.4383073e-01
   9.0556404e+00   1.8632042e-02   1.6876410e-01
   9.2271540e+00   2.1059906e-02   1.9436995e-01
   9.4053352e+00   2.3361443e-02   2.1977741e-01
   9.5905828e+00   2.5444298e-02   2.4408874e-01
   9.7832713e+00   2.7214918e-02   2.6632298e-01
   9.9838891e+00   2.8589150e-02   2.8551137e-01
   1.0192937e+01   2.9509539e-02   3.0087661e-01
   1.0410912e+01   2.9932898e-02   3.1172443e-01
   1.0638456e+01   2.9847723e-02   3.1763428e-01
   1.0876130e+01   2.9265493e-02   3.1840166e-01
   1.1124694e+01   2.8220784e-02   3.1405669e-01
   1.1384866e+01   2.6776152e-02   3.0495347e-01
   1.1657450e+01   2.5000009e-02   2.9154768e-01
   1.1943398e+01   2.2975253e-02   2.7451233e-01
   1.2243692e+01   2.0791053e-02   2.5466592e-01
   1.2559411e+01   1.8530225e-02   2.3283145e-01
   1.2891789e+01   1.6269736e-02   2.0984342e-01
   1.3242166e+01   1.4077421e-02   1.8650660e-01
   1.3612005e+01   1.2005764e-02   1.6350711e-01
   1.4003020e+01   1.0094558e-02   1.4143158e-01
   1.4417056e+01   8.3707493e-03   1.2075138e-01
   1.4856182e+01   6.8477458e-03   1.0179358e-01
   1.5322677e+01   5.5269489e-03   8.4743006e-02
   1.5819285e+01   4.4023309e-03   6.9690067e-02
   1.6348942e+01   3.4615817e-03   5.6635148e-02
   1.6915067e+01   2.6874433e-03   4.5494288e-02
   1.7521522e+01   2.0605089e-03   3.6133879e-02
   1.8172737e+01   1.5604725e-03   2.8383919e-02
   1.8873856e+01   1.1673951e-03   2.2054936e-02
   1.9630889e+01   8.6288347e-04   1.6957171e-02
   2.0450731e+01   6.3026642e-04   1.2904255e-02
   2.1341499e+01   4.5495882e-04   9.7216598e-03
   2.2312746e+01   3.2454940e-04   7.2515110e-03
   2.3376012e+01   2.2880318e-04   5.3565299e-03
   2.4544883e+01   1.5941007e-04   3.9191822e-03
   2.5836083e+01   1.0974035e-04   2.8404512e-03
   2.7269678e+01   7.4625617e-05   2.0391779e-03
   2.8870965e+01   5.0118608e-05   1.4502887e-03
   3.0671209e+01   3.3227447e-05   1.0217617e-03
   3.2709960e+01   2.1735910e-05   7.1307404e-04
   3.5038176e+01   1.4018388e-05   4.9283650e-04
   3.7721949e+01   8.9084486e-06   3.3735426e-04
   4.0848391e+01   5.5710568e-06   2.2860609e-04
   4.4535737e+01   3.4226768e-06   1.5325324e-04
   4.8947315e+01   2.0608725e-06   1.0152911e-04
   5.4318001e+01   1.2130229e-06   6.6416245e-05
   6.0999849e+01   6.9351168e-07   4.2732927e-05
   6.9544854e+01   3.8266966e-07   2.6964521e-05
   8.0860321e+01   2.0228435e-07   1.6648885e-05
   9.6536561e+01   1.0097306e-07   9.9969489e-06
   1.1968256e+02   4.5976619e-08   5.7247529e-06
   1.5743708e+02   2.6486892e-08   3.6471989e-06
