   1.3609632e-01   3.4487680e-02   4.7251761e-03
   1.3792886e-01   3.2438561e-02   4.4738466e-03
   1.3975493e-01   3.0565394e-02   4.2713277e-03
   1.4157482e-01   2.8812549e-02   4.0788219e-03
   1.4338877e-01   2.7165575e-02   3.8949541e-03
   1.4519705e-01   2.5615265e-02   3.7189996e-03
   1.4699989e-01   2.4163375e-02   3.5517731e-03
   1.4879754e-01   2.2805909e-02   3.3932416e-03
   1.5059019e-01   2.1527492e-02   3.2416250e-03
   1.5237808e-01   2.0329344e-02   3.0975580e-03
   1.5416138e-01   1.9201455e-02   2.9599491e-03
   1.5594031e-01   1.8150347e-02   2.8302102e-03
   1.5771504e-01   1.7160073e-02   2.7062530e-03
   1.5948575e-01   1.6237147e-02   2.5894560e-03
   1.6125260e-01   1.5370980e-02   2.4784832e-03
   1.6301577e-01   1.4556526e-02   2.3728253e-03
   1.6477542e-01   1.3794431e-02   2.2728736e-03
   1.6653169e-01   1.3079534e-02   2.1780551e-03
   1.6828472e-01   1.2412293e-02   2.0887046e-03
   1.7003466e-01   1.1781747e-02   2.0032173e-03
   1.7178166e-01   1.1193998e-02   1.9228415e-03
   1.7352582e-01   1.0643699e-02   1.8468801e-03
   1.7526729e-01   1.0131152e-02   1.7755882e-03
   1.7700618e-01   9.6451665e-03   1.7071873e-03
   1.7874260e-01   9.1974959e-03   1.6439219e-03
   1.8047669e-01   8.7710798e-03   1.5829170e-03
   1.8220854e-01   8.3719227e-03   1.5253810e-03
   1.8393826e-01   8.0001998e-03   1.4714914e-03
   1.8566595e-01   7.6560850e-03   1.4214259e-03
   1.8739172e-01   7.3281545e-03   1.3731900e-03
   1.8911566e-01   7.0223425e-03   1.3279921e-03
   1.9083786e-01   6.7387732e-03   1.2859727e-03
   1.9255842e-01   6.4717476e-03   1.2461513e-03
   1.9427743e-01   6.2213723e-03   1.2086361e-03
   1.9599496e-01   5.9877388e-03   1.1735325e-03
   1.9771111e-01   5.7650971e-03   1.1397914e-03
   1.9942596e-01   5.5651751e-03   1.1098096e-03
   2.0113957e-01   5.3705640e-03   1.0802037e-03
   2.0285204e-01   5.1929740e-03   1.0533776e-03
   2.0456343e-01   5.0266243e-03   1.0282370e-03
   2.0627382e-01   4.8715688e-03   1.0048518e-03
   2.0798327e-01   4.7278470e-03   9.8328892e-04
   2.0969186e-01   4.5955002e-03   9.6361587e-04
   2.1139966e-01   4.4687051e-03   9.4466055e-04
   2.1310672e-01   4.3533569e-03   9.2770834e-04
   2.1481312e-01   4.2494789e-03   9.1282333e-04
   2.1651891e-01   4.1512324e-03   8.9880058e-04
   2.1822415e-01   4.0586507e-03   8.8567658e-04
   2.1992891e-01   3.9776069e-03   8.7477239e-04
   2.2163324e-01   3.9022550e-03   8.6485163e-04
   2.2333719e-01   3.8326140e-03   8.5594803e-04
   2.2504083e-01   3.7745642e-03   8.4941436e-04
   2.2674421e-01   3.7163786e-03   8.4265110e-04
   2.2844738e-01   3.6698092e-03   8.3834246e-04
   2.3015038e-01   3.6289950e-03   8.3519914e-04
   2.3185328e-01   3.5939406e-03   8.3325181e-04
   2.3355611e-01   3.5587803e-03   8.3116015e-04
   2.3525894e-01   3.5352651e-03   8.3168826e-04
   2.3696180e-01   3.5175272e-03   8.3350536e-04
   2.3866474e-01   3.5055700e-03   8.3664196e-04
   2.4036781e-01   3.4993928e-03   8.4112759e-04
   2.4207105e-01   3.4931263e-03   8.4557115e-04
   2.4377450e-01   3.4985135e-03   8.5283495e-04
   2.4547821e-01   3.5096795e-03   8.6153652e-04
   2.4718222e-01   3.5266292e-03   8.7170679e-04
   2.4888656e-01   3.5493541e-03   8.8337341e-04
   2.5059129e-01   3.5719829e-03   8.9509473e-04
   2.5229643e-01   3.6062471e-03   9.0983025e-04
   2.5400203e-01   3.6462754e-03   9.2614835e-04
   2.5570813e-01   3.6920626e-03   9.4407739e-04
   2.5741476e-01   3.7494579e-03   9.6515272e-04
   2.5912196e-01   3.8067356e-03   9.8639565e-04
   2.6082976e-01   3.8755998e-03   1.0108586e-03
   2.6253820e-01   3.9501835e-03   1.0370608e-03
   2.6424732e-01   4.0363309e-03   1.0665762e-03
   2.6595715e-01   4.1281777e-03   1.0979048e-03
   2.6766772e-01   4.2315477e-03   1.1326349e-03
   2.6937907e-01   4.3405867e-03   1.1692492e-03
   2.7109122e-01   4.4611257e-03   1.2093578e-03
   2.7280421e-01   4.5931327e-03   1.2530115e-03
   2.7451807e-01   4.7365892e-03   1.3002646e-03
   2.7623284e-01   4.8914680e-03   1.3511690e-03
   2.7794854e-01   5.0577446e-03   1.4057773e-03
   2.7966520e-01   5.2412215e-03   1.4657714e-03
   2.8138285e-01   5.4418582e-03   1.5312293e-03
   2.8310152e-01   5.6538003e-03   1.6005828e-03
   2.8482125e-01   5.8828279e-03   1.6755372e-03
   2.8654205e-01   6.1288956e-03   1.7561686e-03
   2.8826395e-01   6.3977767e-03   1.8442301e-03
   2.8998699e-01   6.6836103e-03   1.9381411e-03
   2.9171119e-01   6.9979370e-03   2.0413569e-03
   2.9343658e-01   7.3291097e-03   2.1506085e-03
   2.9516318e-01   7.6944507e-03   2.2710974e-03
   2.9689102e-01   8.0822855e-03   2.3995360e-03
   2.9862012e-01   8.5041187e-03   2.5394781e-03
   3.0035052e-01   8.9540961e-03   2.6893435e-03
   3.0208223e-01   9.4436637e-03   2.8527380e-03
   3.0381528e-01   9.9669445e-03   3.0280839e-03
   3.0554969e-01   1.0535375e-02   3.2190534e-03
   3.0728549e-01   1.1143063e-02   3.4240730e-03
   3.0902270e-01   1.1801400e-02   3.6468705e-03
   3.1076135e-01   1.2504481e-02   3.8858780e-03
   3.1250145e-01   1.3269404e-02   4.1466750e-03
   3.1424304e-01   1.4090257e-02   4.4277304e-03
   3.1598613e-01   1.4972584e-02   4.7310922e-03
   3.1773075e-01   1.5921924e-02   5.0588463e-03
   3.1947692e-01   1.6949530e-02   5.4149428e-03
   3.2122465e-01   1.8049416e-02   5.7978745e-03
   3.2297398e-01   1.9232791e-02   6.2116459e-03
   3.2472492e-01   2.0510808e-02   6.6603226e-03
   3.2647750e-01   2.1883149e-02   7.1443052e-03
   3.2823173e-01   2.3355190e-02   7.6658610e-03
   3.2998764e-01   2.4937985e-02   8.2291702e-03
   3.3174525e-01   2.6636889e-02   8.8366013e-03
   3.3350457e-01   2.8457143e-02   9.4905239e-03
   3.3526563e-01   3.0409666e-02   1.0195249e-02
   3.3702845e-01   3.2505406e-02   1.0955175e-02
   3.3879304e-01   3.4749497e-02   1.1772813e-02
   3.4055943e-01   3.7147060e-02   1.2650702e-02
   3.4232764e-01   3.9714537e-02   1.3595299e-02
   3.4409769e-01   4.2451306e-02   1.4607307e-02
   3.4586958e-01   4.5373656e-02   1.5693273e-02
   3.4764336e-01   4.8492219e-02   1.6857897e-02
   3.4941902e-01   5.1806289e-02   1.8101996e-02
   3.5119659e-01   5.5331954e-02   1.9432281e-02
   3.5297610e-01   5.9079700e-02   2.0853602e-02
   3.5475754e-01   6.3048669e-02   2.2366865e-02
   3.5654096e-01   6.7254840e-02   2.3978972e-02
   3.5832636e-01   7.1702918e-02   2.5692904e-02
   3.6011376e-01   7.6403120e-02   2.7513666e-02
   3.6190318e-01   8.1348843e-02   2.9440247e-02
   3.6369463e-01   8.6555964e-02   3.1479773e-02
   3.6548814e-01   9.2023417e-02   3.3633293e-02
   3.6728372e-01   9.7755571e-02   3.5903845e-02
   3.6908139e-01   1.0375154e-01   3.8292566e-02
   3.7088116e-01   1.1001013e-01   4.0800480e-02
   3.7268306e-01   1.1653028e-01   4.3428646e-02
   3.7448709e-01   1.2330544e-01   4.6176069e-02
   3.7629328e-01   1.3032880e-01   4.9041614e-02
   3.7810164e-01   1.3758832e-01   5.2022122e-02
   3.7991219e-01   1.4507747e-01   5.5116440e-02
   3.8172495e-01   1.5277862e-01   5.8319141e-02
   3.8353992e-01   1.6067440e-01   6.1624767e-02
   3.8535714e-01   1.6874725e-01   6.5027666e-02
   3.8717660e-01   1.7697996e-01   6.8522195e-02
   3.8899834e-01   1.8533874e-01   7.2096148e-02
   3.9082236e-01   1.9380631e-01   7.5743513e-02
   3.9264868e-01   2.0234409e-01   7.9449803e-02
   3.9447732e-01   2.1092959e-01   8.3206587e-02
   3.9630829e-01   2.1951853e-01   8.6996653e-02
   3.9814161e-01   2.2807828e-01   9.0807082e-02
   3.9997730e-01   2.3657068e-01   9.4622519e-02
   4.0181536e-01   2.4495754e-01   9.8427308e-02
   4.0365581e-01   2.5320096e-01   1.0220563e-01
   4.0549868e-01   2.6125282e-01   1.0593726e-01
   4.0734396e-01   2.6907014e-01   1.0960367e-01
   4.0919169e-01   2.7662126e-01   1.1319069e-01
   4.1104187e-01   2.8385311e-01   1.1667508e-01
   4.1289452e-01   2.9072895e-01   1.2003995e-01
   4.1474966e-01   2.9720701e-01   1.2326605e-01
   4.1660729e-01   3.0325099e-01   1.2633611e-01
   4.1846743e-01   3.0883033e-01   1.2923497e-01
   4.2033011e-01   3.1389873e-01   1.3194062e-01
   4.2219532e-01   3.1844185e-01   1.3444419e-01
   4.2406310e-01   3.2241898e-01   1.3672552e-01
   4.2593344e-01   3.2581107e-01   1.3877336e-01
   4.2780637e-01   3.2860404e-01   1.4057843e-01
   4.2968190e-01   3.3077438e-01   1.4212729e-01
   4.3156005e-01   3.3231906e-01   1.4341516e-01
   4.3344082e-01   3.3322432e-01   1.4443256e-01
   4.3532424e-01   3.3349337e-01   1.4517728e-01
   4.3721031e-01   3.3312863e-01   1.4564681e-01
   4.3909906e-01   3.4051857e-01   1.4952092e-01
   4.4099049e-01   3.5278268e-01   1.5557333e-01
   4.4288462e-01   3.6387497e-01   1.6115414e-01
   4.4478146e-01   3.7373183e-01   1.6622849e-01
   4.4668103e-01   3.8229511e-01   1.7076347e-01
   4.4858334e-01   3.8952826e-01   1.7473538e-01
   4.5048840e-01   3.9541055e-01   1.7812735e-01
   4.5239624e-01   3.9992667e-01   1.8092480e-01
   4.5430685e-01   4.0307750e-01   1.8312035e-01
   4.5622027e-01   4.0487948e-01   1.8471371e-01
   4.5813649e-01   4.0535384e-01   1.8570687e-01
   4.6005553e-01   4.0454295e-01   1.8611171e-01
   4.6197742e-01   4.0249938e-01   1.8594512e-01
   4.6390215e-01   3.9927008e-01   1.8522176e-01
   4.6582974e-01   3.9492786e-01   1.8396866e-01
   4.6776022e-01   3.8953996e-01   1.8221083e-01
   4.6969358e-01   3.8318862e-01   1.7998077e-01
   4.7162985e-01   3.7595044e-01   1.7730900e-01
   4.7356904e-01   3.6791210e-01   1.7423135e-01
   4.7551116e-01   3.5916493e-01   1.7078651e-01
   4.7745623e-01   3.4979443e-01   1.6701112e-01
   4.7940425e-01   3.3988048e-01   1.6293975e-01
   4.8135524e-01   3.2951833e-01   1.5861500e-01
   4.8330922e-01   3.1878657e-01   1.5407213e-01
   4.8526620e-01   3.0776366e-01   1.4934695e-01
   4.8722619e-01   2.9653317e-01   1.4447839e-01
   4.8918920e-01   2.8515704e-01   1.3949543e-01
   4.9115525e-01   2.7371227e-01   1.3443492e-01
   4.9312435e-01   2.6225560e-01   1.2932434e-01
   4.9509652e-01   2.5084806e-01   1.2419373e-01
   4.9707176e-01   2.3953482e-01   1.1906574e-01
   4.9905010e-01   2.2837158e-01   1.1396862e-01
   5.0103154e-01   2.1738815e-01   1.0891809e-01
   5.0301609e-01   2.0663394e-01   1.0393998e-01
   5.0500378e-01   1.9612841e-01   9.9045385e-02
   5.0699461e-01   1.8590075e-01   9.4250487e-02
   5.0898859e-01   1.7596970e-01   8.9566391e-02
   5.1098575e-01   1.6635925e-01   8.5007035e-02
   5.1298609e-01   1.5707800e-01   8.0578669e-02
   5.1498962e-01   1.4812947e-01   7.6284990e-02
   5.1699636e-01   1.3952721e-01   7.2134922e-02
   5.1900633e-01   1.3126982e-01   6.8129736e-02
   5.2101953e-01   1.2336072e-01   6.4273224e-02
   5.2303598e-01   1.1578837e-01   6.0561373e-02
   5.2505568e-01   1.0855640e-01   5.6998053e-02
   5.2707867e-01   1.0165336e-01   5.3579219e-02
   5.2910494e-01   9.5077717e-02   5.0306000e-02
   5.3113451e-01   8.8808417e-02   4.7169132e-02
   5.3316739e-01   8.2848947e-02   4.4172280e-02
   5.3520360e-01   7.7173362e-02   4.1303390e-02
   5.3724315e-01   7.1775525e-02   3.8560844e-02
   5.3928605e-01   6.7788842e-02   3.6557515e-02
   5.4133232e-01   6.5841261e-02   3.5641943e-02
   5.4338196e-01   6.4031308e-02   3.4793401e-02
   5.4543500e-01   6.2358282e-02   3.4012334e-02
   5.4749144e-01   6.0816736e-02   3.3296589e-02
   5.4955130e-01   5.9406056e-02   3.2646624e-02
   5.5161459e-01   5.8115904e-02   3.2057531e-02
   5.5368132e-01   5.6945694e-02   3.1529719e-02
   5.5575151e-01   5.5890053e-02   3.1060935e-02
   5.5782517e-01   5.4948401e-02   3.0651555e-02
   5.5990231e-01   5.4115384e-02   3.0299284e-02
   5.6198295e-01   5.3390481e-02   3.0004497e-02
   5.6406710e-01   5.2768343e-02   2.9764844e-02
   5.6615477e-01   5.2253276e-02   2.9583400e-02
   5.6824598e-01   5.1835184e-02   2.9455094e-02
   5.7034073e-01   5.1518331e-02   2.9382962e-02
   5.7243905e-01   5.1302217e-02   2.9367352e-02
   5.7454094e-01   5.1186360e-02   2.9408620e-02
   5.7664642e-01   5.1165500e-02   2.9504363e-02
   5.7875550e-01   5.1248602e-02   2.9660371e-02
   5.8086819e-01   5.1430397e-02   2.9874243e-02
   5.8298452e-01   5.1710402e-02   3.0146325e-02
   5.8510448e-01   5.2092814e-02   3.0479700e-02
   5.8722810e-01   5.2581796e-02   3.0877469e-02
   5.8935538e-01   5.3176799e-02   3.1339994e-02
   5.9148634e-01   5.3877258e-02   3.1867624e-02
   5.9362100e-01   5.4687289e-02   3.2463485e-02
   5.9575937e-01   5.5615646e-02   3.3133503e-02
   5.9790145e-01   5.6661707e-02   3.3878077e-02
   6.0004727e-01   5.7829506e-02   3.4700398e-02
   6.0219684e-01   5.9118382e-02   3.5600862e-02
   6.0435016e-01   6.0541589e-02   3.6588278e-02
   6.0650726e-01   6.2098393e-02   3.7663085e-02
   6.0866815e-01   6.3797322e-02   3.8831356e-02
   6.1083283e-01   6.5637592e-02   4.0093553e-02
   6.1300134e-01   6.7627612e-02   4.1455773e-02
   6.1517367e-01   6.9775806e-02   4.2924194e-02
   6.1734983e-01   7.2081293e-02   4.4499329e-02
   6.1952986e-01   7.4552316e-02   4.6187339e-02
   6.2171375e-01   7.7192561e-02   4.7991628e-02
   6.2390152e-01   8.0010228e-02   4.9918454e-02
   6.2609319e-01   8.3004270e-02   5.1968358e-02
   6.2828877e-01   8.6182806e-02   5.4147637e-02
   6.3048827e-01   8.9544832e-02   5.6456912e-02
   6.3269170e-01   9.3093833e-02   5.8899641e-02
   6.3489908e-01   9.6828683e-02   6.1476386e-02
   6.3711043e-01   1.0074836e-01   6.4187771e-02
   6.3932576e-01   1.0485181e-01   6.7034403e-02
   6.4154507e-01   1.0913344e-01   7.0013958e-02
   6.4376839e-01   1.1357871e-01   7.3118321e-02
   6.4599573e-01   1.1818668e-01   7.6348027e-02
   6.4822710e-01   1.2294297e-01   7.9694901e-02
   6.5046252e-01   1.2782431e-01   8.3144853e-02
   6.5270199e-01   1.3281652e-01   8.6689538e-02
   6.5494554e-01   1.3789226e-01   9.0311846e-02
   6.5719318e-01   1.4302421e-01   9.3994463e-02
   6.5944492e-01   1.4817655e-01   9.7714198e-02
   6.6170078e-01   1.5331806e-01   1.0145060e-01
   6.6396076e-01   1.5840443e-01   1.0517425e-01
   6.6622489e-01   1.6338741e-01   1.0885268e-01
   6.6849318e-01   1.6821897e-01   1.1245315e-01
   6.7076564e-01   1.7284273e-01   1.1593688e-01
   6.7304229e-01   1.7720263e-01   1.1926478e-01
   6.7532314e-01   1.8123443e-01   1.2239172e-01
   6.7760820e-01   1.8487421e-01   1.2527220e-01
   6.7989749e-01   1.8806293e-01   1.2786343e-01
   6.8219102e-01   1.9073340e-01   1.3011653e-01
   6.8448882e-01   1.9282760e-01   1.3198825e-01
   6.8679089e-01   1.9427921e-01   1.3342911e-01
   6.8909724e-01   1.9503544e-01   1.3439830e-01
   6.9140789e-01   1.9504822e-01   1.3485779e-01
   6.9372286e-01   1.9427428e-01   1.3477243e-01
   6.9604216e-01   1.9268798e-01   1.3411888e-01
   6.9836581e-01   1.9026360e-01   1.3287352e-01
   7.0069382e-01   1.8699304e-01   1.3102479e-01
   7.0302620e-01   1.8288548e-01   1.2857321e-01
   7.0536297e-01   1.7795422e-01   1.2552225e-01
   7.0770414e-01   1.7224241e-01   1.2189660e-01
   7.1004973e-01   1.6578857e-01   1.1771807e-01
   7.1239976e-01   1.5866503e-01   1.1303287e-01
   7.1475424e-01   1.5094363e-01   1.0788754e-01
   7.1711318e-01   1.4271263e-01   1.0234106e-01
   7.1947659e-01   1.3406803e-01   9.6458766e-02
   7.2184451e-01   1.2512205e-01   9.0318618e-02
   7.2421693e-01   1.1597340e-01   8.3989862e-02
   7.2659387e-01   1.0674114e-01   7.7557421e-02
   7.2897535e-01   9.7539143e-02   7.1103600e-02
   7.3136139e-01   8.8463744e-02   6.4698939e-02
   7.3375200e-01   7.9623039e-02   5.8423540e-02
   7.3614719e-01   7.1103426e-02   5.2342566e-02
   7.3854699e-01   6.2982351e-02   4.6515407e-02
   7.4095140e-01   5.5332455e-02   4.0998643e-02
   7.4336044e-01   4.8205082e-02   3.5833737e-02
   7.4577412e-01   4.1630473e-02   3.1046918e-02
   7.4819247e-01   3.5638605e-02   2.6664526e-02
   7.5061550e-01   3.0234490e-02   2.2694469e-02
   7.5304323e-01   2.5414834e-02   1.9138462e-02
   7.5547566e-01   2.1164000e-02   1.5988881e-02
   7.5791282e-01   1.7454192e-02   1.3228752e-02
   7.6035471e-01   1.4257791e-02   1.0840975e-02
   7.6280137e-01   1.1531034e-02   8.7958862e-03
   7.6525280e-01   9.2345656e-03   7.0667750e-03
   7.6770902e-01   7.3211756e-03   5.6205309e-03
   7.7017004e-01   5.7440113e-03   4.4238642e-03
   7.7263589e-01   4.4565718e-03   3.4433064e-03
   7.7510657e-01   3.4248361e-03   2.6546123e-03
   7.7758211e-01   2.6029337e-03   2.0239942e-03
   7.8006252e-01   1.9574268e-03   1.5269149e-03
   7.8254781e-01   1.4551320e-03   1.1387101e-03
   7.8503801e-01   1.0711456e-03   8.4088978e-04
   7.8753313e-01   7.7674995e-04   6.1171619e-04
   7.9003319e-01   5.5943367e-04   4.4197107e-04
   7.9253819e-01   3.9880483e-04   3.1606800e-04
   7.9504817e-01   2.7861025e-04   2.2150852e-04
   7.9756313e-01   1.9464021e-04   1.5523782e-04
   8.0008310e-01   1.3478815e-04   1.0784170e-04
   8.0260809e-01   9.0998796e-05   7.3036358e-05
   8.0513811e-01   5.9228797e-05   4.7687354e-05
   8.0767319e-01   3.9407091e-05   3.1828046e-05
   8.1021334e-01   2.7529858e-05   2.2305055e-05
   8.1275858e-01   1.5699873e-05   1.2760205e-05
   8.1530892e-01   1.1751315e-05   9.5809505e-06
   8.1786439e-01   7.8184950e-06   6.3944679e-06
   8.2042500e-01   3.9013942e-06   3.2008009e-06
   8.2299076e-01   3.8935456e-06   3.2043518e-06
   8.2556170e-01   0.0000000e+00   0.0000000e+00
   8.2813784e-01   0.0000000e+00   0.0000000e+00
   8.3071918e-01   0.0000000e+00   0.0000000e+00
   8.3330576e-01   0.0000000e+00   0.0000000e+00
   8.3589758e-01   0.0000000e+00   0.0000000e+00
   8.3849466e-01   0.0000000e+00   0.0000000e+00
   8.4109702e-01   0.0000000e+00   0.0000000e+00
   8.4370469e-01   0.0000000e+00   0.0000000e+00
   8.4631767e-01   0.0000000e+00   0.0000000e+00
   8.4893599e-01   0.0000000e+00   0.0000000e+00
   8.5155967e-01   0.0000000e+00   0.0000000e+00
   8.5418871e-01   0.0000000e+00   0.0000000e+00
   8.5682315e-01   0.0000000e+00   0.0000000e+00
   8.5946300e-01   0.0000000e+00   0.0000000e+00
   8.6210828e-01   0.0000000e+00   0.0000000e+00
   8.6475900e-01   0.0000000e+00   0.0000000e+00
   8.6741520e-01   0.0000000e+00   0.0000000e+00
   8.7007687e-01   0.0000000e+00   0.0000000e+00
   8.7274405e-01   0.0000000e+00   0.0000000e+00
   8.7541675e-01   0.0000000e+00   0.0000000e+00
   8.7809500e-01   0.0000000e+00   0.0000000e+00
   8.8077880e-01   0.0000000e+00   0.0000000e+00
   8.8346819e-01   0.0000000e+00   0.0000000e+00
   8.8616317e-01   0.0000000e+00   0.0000000e+00
   8.8886378e-01   0.0000000e+00   0.0000000e+00
   8.9157002e-01   0.0000000e+00   0.0000000e+00
   8.9428192e-01   0.0000000e+00   0.0000000e+00
   8.9699950e-01   0.0000000e+00   0.0000000e+00
   8.9972284e-01   0.0000000e+00   0.0000000e+00
   9.0245184e-01   0.0000000e+00   0.0000000e+00
   9.0518657e-01   0.0000000e+00   0.0000000e+00
   9.0792707e-01   0.0000000e+00   0.0000000e+00
   9.1067334e-01   0.0000000e+00   0.0000000e+00
   9.1342542e-01   0.0000000e+00   0.0000000e+00
   9.1618331e-01   0.0000000e+00   0.0000000e+00
   9.1894704e-01   0.0000000e+00   0.0000000e+00
   9.2171664e-01   0.0000000e+00   0.0000000e+00
   9.2449211e-01   0.0000000e+00   0.0000000e+00
   9.2727349e-01   0.0000000e+00   0.0000000e+00
   9.3006078e-01   0.0000000e+00   0.0000000e+00
   9.3285403e-01   0.0000000e+00   0.0000000e+00
   9.3565323e-01   0.0000000e+00   0.0000000e+00
   9.3845843e-01   0.0000000e+00   0.0000000e+00
   9.4126963e-01   0.0000000e+00   0.0000000e+00
   9.4408686e-01   0.0000000e+00   0.0000000e+00
   9.4691014e-01   0.0000000e+00   0.0000000e+00
   9.4973950e-01   0.0000000e+00   0.0000000e+00
   9.5257494e-01   0.0000000e+00   0.0000000e+00
   9.5541651e-01   0.0000000e+00   0.0000000e+00
   9.5826421e-01   0.0000000e+00   0.0000000e+00
   9.6111808e-01   0.0000000e+00   0.0000000e+00
   9.6397812e-01   0.0000000e+00   0.0000000e+00
   9.6684437e-01   0.0000000e+00   0.0000000e+00
   9.6971685e-01   0.0000000e+00   0.0000000e+00
   9.7259558e-01   0.0000000e+00   0.0000000e+00
   9.7548058e-01   0.0000000e+00   0.0000000e+00
   9.7837187e-01   0.0000000e+00   0.0000000e+00
   9.8126949e-01   0.0000000e+00   0.0000000e+00
   9.8417345e-01   0.0000000e+00   0.0000000e+00
   9.8708377e-01   0.0000000e+00   0.0000000e+00
   9.9000048e-01   0.0000000e+00   0.0000000e+00
   9.9292360e-01   0.0000000e+00   0.0000000e+00
   9.9585316e-01   0.0000000e+00   0.0000000e+00
   9.9878918e-01   0.0000000e+00   0.0000000e+00
   1.0017317e+00   0.0000000e+00   0.0000000e+00
   1.0046807e+00   0.0000000e+00   0.0000000e+00
   1.0076362e+00   0.0000000e+00   0.0000000e+00
   1.0105983e+00   0.0000000e+00   0.0000000e+00
   1.0135670e+00   0.0000000e+00   0.0000000e+00
   1.0165423e+00   0.0000000e+00   0.0000000e+00
   1.0195242e+00   0.0000000e+00   0.0000000e+00
   1.0225128e+00   0.0000000e+00   0.0000000e+00
   1.0255080e+00   0.0000000e+00   0.0000000e+00
   1.0285100e+00   0.0000000e+00   0.0000000e+00
   1.0315187e+00   0.0000000e+00   0.0000000e+00
   1.0345341e+00   0.0000000e+00   0.0000000e+00
   1.0375563e+00   0.0000000e+00   0.0000000e+00
   1.0405854e+00   0.0000000e+00   0.0000000e+00
   1.0436212e+00   0.0000000e+00   0.0000000e+00
   1.0466639e+00   0.0000000e+00   0.0000000e+00
   1.0497136e+00   0.0000000e+00   0.0000000e+00
   1.0527701e+00   0.0000000e+00   0.0000000e+00
   1.0558335e+00   0.0000000e+00   0.0000000e+00
   1.0589040e+00   0.0000000e+00   0.0000000e+00
   1.0619814e+00   0.0000000e+00   0.0000000e+00
   1.0650658e+00   0.0000000e+00   0.0000000e+00
   1.0681573e+00   0.0000000e+00   0.0000000e+00
   1.0712559e+00   0.0000000e+00   0.0000000e+00
   1.0743616e+00   0.0000000e+00   0.0000000e+00
   1.0774744e+00   0.0000000e+00   0.0000000e+00
   1.0805943e+00   0.0000000e+00   0.0000000e+00
   1.0837215e+00   0.0000000e+00   0.0000000e+00
   1.0868558e+00   0.0000000e+00   0.0000000e+00
   1.0899974e+00   0.0000000e+00   0.0000000e+00
   1.0931463e+00   0.0000000e+00   0.0000000e+00
   1.0963025e+00   0.0000000e+00   0.0000000e+00
   1.0994660e+00   0.0000000e+00   0.0000000e+00
   1.1026369e+00   0.0000000e+00   0.0000000e+00
   1.1058151e+00   0.0000000e+00   0.0000000e+00
   1.1090008e+00   0.0000000e+00   0.0000000e+00
   1.1121940e+00   0.0000000e+00   0.0000000e+00
   1.1153946e+00   0.0000000e+00   0.0000000e+00
   1.1186027e+00   0.0000000e+00   0.0000000e+00
   1.1218184e+00   0.0000000e+00   0.0000000e+00
   1.1250416e+00   0.0000000e+00   0.0000000e+00
   1.1282725e+00   0.0000000e+00   0.0000000e+00
   1.1315109e+00   0.0000000e+00   0.0000000e+00
   1.1347571e+00   0.0000000e+00   0.0000000e+00
   1.1380110e+00   0.0000000e+00   0.0000000e+00
   1.1412725e+00   0.0000000e+00   0.0000000e+00
   1.1445419e+00   0.0000000e+00   0.0000000e+00
   1.1478190e+00   0.0000000e+00   0.0000000e+00
   1.1511040e+00   0.0000000e+00   0.0000000e+00
   1.1543968e+00   0.0000000e+00   0.0000000e+00
   1.1576976e+00   0.0000000e+00   0.0000000e+00
   1.1610062e+00   0.0000000e+00   0.0000000e+00
   1.1643229e+00   0.0000000e+00   0.0000000e+00
   1.1676475e+00   0.0000000e+00   0.0000000e+00
   1.1709802e+00   0.0000000e+00   0.0000000e+00
   1.1743209e+00   0.0000000e+00   0.0000000e+00
   1.1776697e+00   0.0000000e+00   0.0000000e+00
   1.1810267e+00   0.0000000e+00   0.0000000e+00
   1.1843918e+00   0.0000000e+00   0.0000000e+00
   1.1877652e+00   0.0000000e+00   0.0000000e+00
   1.1911468e+00   0.0000000e+00   0.0000000e+00
   1.1945367e+00   0.0000000e+00   0.0000000e+00
   1.1979349e+00   0.0000000e+00   0.0000000e+00
   1.2013414e+00   0.0000000e+00   0.0000000e+00
   1.2047564e+00   0.0000000e+00   0.0000000e+00
   1.2081798e+00   0.0000000e+00   0.0000000e+00
   1.2116117e+00   0.0000000e+00   0.0000000e+00
   1.2150520e+00   0.0000000e+00   0.0000000e+00
   1.2185009e+00   0.0000000e+00   0.0000000e+00
   1.2219584e+00   0.0000000e+00   0.0000000e+00
   1.2254246e+00   0.0000000e+00   0.0000000e+00
   1.2288994e+00   0.0000000e+00   0.0000000e+00
   1.2323829e+00   0.0000000e+00   0.0000000e+00
   1.2358752e+00   0.0000000e+00   0.0000000e+00
   1.2393762e+00   0.0000000e+00   0.0000000e+00
   1.2428861e+00   0.0000000e+00   0.0000000e+00
   1.2464049e+00   0.0000000e+00   0.0000000e+00
   1.2499325e+00   0.0000000e+00   0.0000000e+00
   1.2534692e+00   0.0000000e+00   0.0000000e+00
   1.2570148e+00   0.0000000e+00   0.0000000e+00
   1.2605695e+00   0.0000000e+00   0.0000000e+00
   1.2641332e+00   0.0000000e+00   0.0000000e+00
   1.2677062e+00   0.0000000e+00   0.0000000e+00
   1.2712882e+00   0.0000000e+00   0.0000000e+00
   1.2748796e+00   0.0000000e+00   0.0000000e+00
   1.2784801e+00   0.0000000e+00   0.0000000e+00
   1.2820900e+00   0.0000000e+00   0.0000000e+00
   1.2857093e+00   0.0000000e+00   0.0000000e+00
   1.2893380e+00   0.0000000e+00   0.0000000e+00
   1.2929761e+00   0.0000000e+00   0.0000000e+00
   1.2966238e+00   0.0000000e+00   0.0000000e+00
   1.3002810e+00   0.0000000e+00   0.0000000e+00
   1.3039478e+00   0.0000000e+00   0.0000000e+00
   1.3076243e+00   0.0000000e+00   0.0000000e+00
   1.3113105e+00   0.0000000e+00   0.0000000e+00
   1.3150064e+00   0.0000000e+00   0.0000000e+00
   1.3187122e+00   0.0000000e+00   0.0000000e+00
   1.3224278e+00   0.0000000e+00   0.0000000e+00
   1.3261533e+00   0.0000000e+00   0.0000000e+00
   1.3298888e+00   0.0000000e+00   0.0000000e+00
   1.3336343e+00   0.0000000e+00   0.0000000e+00
   1.3373899e+00   0.0000000e+00   0.0000000e+00
   1.3411557e+00   0.0000000e+00   0.0000000e+00
   1.3449316e+00   0.0000000e+00   0.0000000e+00
   1.3487178e+00   0.0000000e+00   0.0000000e+00
   1.3525143e+00   0.0000000e+00   0.0000000e+00
   1.3563211e+00   0.0000000e+00   0.0000000e+00
   1.3601384e+00   0.0000000e+00   0.0000000e+00
   1.3639661e+00   0.0000000e+00   0.0000000e+00
   1.3678044e+00   0.0000000e+00   0.0000000e+00
   1.3716533e+00   0.0000000e+00   0.0000000e+00
   1.3755129e+00   0.0000000e+00   0.0000000e+00
   1.3793832e+00   0.0000000e+00   0.0000000e+00
   1.3832643e+00   0.0000000e+00   0.0000000e+00
   1.3871562e+00   0.0000000e+00   0.0000000e+00
   1.3910590e+00   0.0000000e+00   0.0000000e+00
   1.3949729e+00   0.0000000e+00   0.0000000e+00
   1.3988978e+00   0.0000000e+00   0.0000000e+00
   1.4028338e+00   0.0000000e+00   0.0000000e+00
   1.4067810e+00   0.0000000e+00   0.0000000e+00
   1.4107394e+00   0.0000000e+00   0.0000000e+00
   1.4147092e+00   0.0000000e+00   0.0000000e+00
   1.4186904e+00   0.0000000e+00   0.0000000e+00
   1.4226830e+00   0.0000000e+00   0.0000000e+00
   1.4266872e+00   0.0000000e+00   0.0000000e+00
   1.4307030e+00   0.0000000e+00   0.0000000e+00
   1.4347306e+00   0.0000000e+00   0.0000000e+00
   1.4387698e+00   0.0000000e+00   0.0000000e+00
   1.4428209e+00   2.4648271e-06   3.5563094e-06
   1.4468840e+00   4.9151609e-06   7.1116783e-06
   1.4509590e+00   9.8013136e-06   1.4221326e-05
   1.4550462e+00   1.7101495e-05   2.4883503e-05
   1.4591454e+00   3.4101304e-05   4.9758841e-05
   1.4632570e+00   6.5570530e-05   9.5946687e-05
   1.4673809e+00   1.2348440e-04   1.8119893e-04
   1.4715171e+00   2.2932820e-04   3.3746092e-04
   1.4756659e+00   4.0913776e-04   6.0375163e-04
   1.4798273e+00   7.1262115e-04   1.0545580e-03
   1.4840013e+00   1.2080085e-03   1.7926892e-03
   1.4881882e+00   1.9984515e-03   2.9740769e-03
   1.4923878e+00   3.2143403e-03   4.7970506e-03
   1.4966005e+00   5.0294517e-03   7.5270926e-03
   1.5008261e+00   7.6460710e-03   1.1475443e-02
   1.5050649e+00   1.1289797e-02   1.6991907e-02
   1.5093170e+00   1.6183302e-02   2.4425776e-02
   1.5135824e+00   2.2511210e-02   3.4072632e-02
   1.5178612e+00   3.0364642e-02   4.6089395e-02
   1.5221535e+00   3.9700770e-02   6.0430777e-02
   1.5264595e+00   5.0291585e-02   7.6768209e-02
   1.5307792e+00   6.1699137e-02   9.4447933e-02
   1.5351128e+00   7.3272008e-02   1.1248101e-01
   1.5394603e+00   8.4194789e-02   1.2961478e-01
   1.5438219e+00   9.3577890e-02   1.4446787e-01
   1.5481976e+00   1.0056158e-01   1.5568950e-01
   1.5525876e+00   1.0444522e-01   1.6216069e-01
   1.5569923e+00   1.0481684e-01   1.6319933e-01
   1.5614112e+00   1.0160256e-01   1.5864369e-01
   1.5658448e+00   9.5098900e-02   1.4891042e-01
   1.5702931e+00   8.5924649e-02   1.3492716e-01
   1.5747563e+00   7.4927951e-02   1.1799351e-01
   1.5792345e+00   6.3044097e-02   9.9561624e-02
   1.5837278e+00   5.1169438e-02   8.1038635e-02
   1.5882364e+00   4.0057696e-02   6.3621226e-02
   1.5927603e+00   3.0240491e-02   4.8165957e-02
   1.5972997e+00   2.2011150e-02   3.5158481e-02
   1.6018548e+00   1.5446174e-02   2.4742582e-02
   1.6064256e+00   1.0448198e-02   1.6784291e-02
   1.6110123e+00   6.8121149e-03   1.0974426e-02
   1.6156151e+00   4.2811870e-03   6.9167664e-03
   1.6202341e+00   2.5934011e-03   4.2019266e-03
   1.6248694e+00   1.5139343e-03   2.4599512e-03
   1.6295211e+00   8.5191677e-04   1.3882197e-03
   1.6341895e+00   4.6185642e-04   7.5476274e-04
   1.6388747e+00   2.4075193e-04   3.9456320e-04
   1.6435768e+00   1.2100287e-04   1.9887799e-04
   1.6482960e+00   6.1339403e-05   1.0110574e-04
   1.6530324e+00   3.1611471e-05   5.2254917e-05
   1.6577862e+00   1.4697872e-05   2.4365991e-05
   1.6625576e+00   6.2758350e-06   1.0433964e-05
   1.6673467e+00   2.0841785e-06   3.4750571e-06
   1.6721537e+00   2.0763963e-06   3.4720629e-06
   1.6769787e+00   0.0000000e+00   0.0000000e+00
   1.6818221e+00   0.0000000e+00   0.0000000e+00
   1.6866838e+00   0.0000000e+00   0.0000000e+00
   1.6915641e+00   0.0000000e+00   0.0000000e+00
   1.6964632e+00   0.0000000e+00   0.0000000e+00
   1.7013813e+00   0.0000000e+00   0.0000000e+00
   1.7063186e+00   0.0000000e+00   0.0000000e+00
   1.7112751e+00   0.0000000e+00   0.0000000e+00
   1.7162513e+00   0.0000000e+00   0.0000000e+00
   1.7212472e+00   0.0000000e+00   0.0000000e+00
   1.7262630e+00   0.0000000e+00   0.0000000e+00
   1.7312989e+00   0.0000000e+00   0.0000000e+00
   1.7363553e+00   0.0000000e+00   0.0000000e+00
   1.7414322e+00   0.0000000e+00   0.0000000e+00
   1.7465299e+00   0.0000000e+00   0.0000000e+00
   1.7516486e+00   0.0000000e+00   0.0000000e+00
   1.7567885e+00   0.0000000e+00   0.0000000e+00
   1.7619499e+00   0.0000000e+00   0.0000000e+00
   1.7671329e+00   0.0000000e+00   0.0000000e+00
   1.7723379e+00   0.0000000e+00   0.0000000e+00
   1.7775651e+00   0.0000000e+00   0.0000000e+00
   1.7828147e+00   0.0000000e+00   0.0000000e+00
   1.7880872e+00   0.0000000e+00   0.0000000e+00
   1.7933823e+00   0.0000000e+00   0.0000000e+00
   1.7987006e+00   0.0000000e+00   0.0000000e+00
   1.8040424e+00   0.0000000e+00   0.0000000e+00
   1.8094078e+00   0.0000000e+00   0.0000000e+00
   1.8147972e+00   0.0000000e+00   0.0000000e+00
   1.8202108e+00   0.0000000e+00   0.0000000e+00
   1.8256490e+00   0.0000000e+00   0.0000000e+00
   1.8311119e+00   0.0000000e+00   0.0000000e+00
   1.8365999e+00   0.0000000e+00   0.0000000e+00
   1.8421133e+00   0.0000000e+00   0.0000000e+00
   1.8476524e+00   0.0000000e+00   0.0000000e+00
   1.8532175e+00   0.0000000e+00   0.0000000e+00
   1.8588089e+00   0.0000000e+00   0.0000000e+00
   1.8644268e+00   0.0000000e+00   0.0000000e+00
   1.8700718e+00   0.0000000e+00   0.0000000e+00
   1.8757439e+00   0.0000000e+00   0.0000000e+00
   1.8814437e+00   0.0000000e+00   0.0000000e+00
   1.8871714e+00   0.0000000e+00   0.0000000e+00
   1.8929274e+00   0.0000000e+00   0.0000000e+00
   1.8987121e+00   0.0000000e+00   0.0000000e+00
   1.9045257e+00   0.0000000e+00   0.0000000e+00
   1.9103686e+00   0.0000000e+00   0.0000000e+00
   1.9162413e+00   0.0000000e+00   0.0000000e+00
   1.9221441e+00   0.0000000e+00   0.0000000e+00
   1.9280774e+00   0.0000000e+00   0.0000000e+00
   1.9340416e+00   0.0000000e+00   0.0000000e+00
   1.9400370e+00   0.0000000e+00   0.0000000e+00
   1.9460642e+00   0.0000000e+00   0.0000000e+00
   1.9521234e+00   0.0000000e+00   0.0000000e+00
   1.9582151e+00   0.0000000e+00   0.0000000e+00
   1.9643398e+00   0.0000000e+00   0.0000000e+00
   1.9704979e+00   0.0000000e+00   0.0000000e+00
   1.9766898e+00   0.0000000e+00   0.0000000e+00
   1.9829160e+00   0.0000000e+00   0.0000000e+00
   1.9891769e+00   0.0000000e+00   0.0000000e+00
   1.9954731e+00   0.0000000e+00   0.0000000e+00
   2.0018049e+00   0.0000000e+00   0.0000000e+00
   2.0081729e+00   0.0000000e+00   0.0000000e+00
   2.0145776e+00   0.0000000e+00   0.0000000e+00
   2.0210195e+00   0.0000000e+00   0.0000000e+00
   2.0274991e+00   0.0000000e+00   0.0000000e+00
   2.0340169e+00   0.0000000e+00   0.0000000e+00
   2.0405734e+00   0.0000000e+00   0.0000000e+00
   2.0471693e+00   0.0000000e+00   0.0000000e+00
   2.0538050e+00   0.0000000e+00   0.0000000e+00
   2.0604812e+00   0.0000000e+00   0.0000000e+00
   2.0671983e+00   0.0000000e+00   0.0000000e+00
   2.0739571e+00   0.0000000e+00   0.0000000e+00
   2.0807580e+00   0.0000000e+00   0.0000000e+00
   2.0876018e+00   0.0000000e+00   0.0000000e+00
   2.0944889e+00   0.0000000e+00   0.0000000e+00
   2.1014201e+00   0.0000000e+00   0.0000000e+00
   2.1083961e+00   0.0000000e+00   0.0000000e+00
   2.1154173e+00   0.0000000e+00   0.0000000e+00
   2.1224846e+00   0.0000000e+00   0.0000000e+00
   2.1295987e+00   0.0000000e+00   0.0000000e+00
   2.1367601e+00   0.0000000e+00   0.0000000e+00
   2.1439702e+00   0.0000000e+00   0.0000000e+00
   2.1512286e+00   0.0000000e+00   0.0000000e+00
   2.1585366e+00   0.0000000e+00   0.0000000e+00
   2.1658950e+00   0.0000000e+00   0.0000000e+00
   2.1733045e+00   0.0000000e+00   0.0000000e+00
   2.1807659e+00   0.0000000e+00   0.0000000e+00
   2.1882799e+00   0.0000000e+00   0.0000000e+00
   2.1958475e+00   0.0000000e+00   0.0000000e+00
   2.2034694e+00   0.0000000e+00   0.0000000e+00
   2.2111464e+00   0.0000000e+00   0.0000000e+00
   2.2188795e+00   0.0000000e+00   0.0000000e+00
   2.2266695e+00   0.0000000e+00   0.0000000e+00
   2.2345173e+00   0.0000000e+00   0.0000000e+00
   2.2424238e+00   0.0000000e+00   0.0000000e+00
   2.2503899e+00   0.0000000e+00   0.0000000e+00
   2.2584167e+00   0.0000000e+00   0.0000000e+00
   2.2665050e+00   0.0000000e+00   0.0000000e+00
   2.2746558e+00   0.0000000e+00   0.0000000e+00
   2.2828702e+00   0.0000000e+00   0.0000000e+00
   2.2911492e+00   0.0000000e+00   0.0000000e+00
   2.2994938e+00   0.0000000e+00   0.0000000e+00
   2.3079051e+00   0.0000000e+00   0.0000000e+00
   2.3163842e+00   0.0000000e+00   0.0000000e+00
   2.3249321e+00   0.0000000e+00   0.0000000e+00
   2.3335501e+00   0.0000000e+00   0.0000000e+00
   2.3422392e+00   0.0000000e+00   0.0000000e+00
   2.3510007e+00   0.0000000e+00   0.0000000e+00
   2.3598357e+00   0.0000000e+00   0.0000000e+00
   2.3687455e+00   0.0000000e+00   0.0000000e+00
   2.3777312e+00   0.0000000e+00   0.0000000e+00
   2.3867943e+00   0.0000000e+00   0.0000000e+00
   2.3959359e+00   0.0000000e+00   0.0000000e+00
   2.4051574e+00   0.0000000e+00   0.0000000e+00
   2.4144602e+00   0.0000000e+00   0.0000000e+00
   2.4238455e+00   0.0000000e+00   0.0000000e+00
   2.4333156e+00   0.0000000e+00   0.0000000e+00
   2.4428705e+00   0.0000000e+00   0.0000000e+00
   2.4525124e+00   0.0000000e+00   0.0000000e+00
   2.4622426e+00   0.0000000e+00   0.0000000e+00
   2.4720628e+00   0.0000000e+00   0.0000000e+00
   2.4819744e+00   0.0000000e+00   0.0000000e+00
   2.4919791e+00   0.0000000e+00   0.0000000e+00
   2.5020784e+00   0.0000000e+00   0.0000000e+00
   2.5122740e+00   0.0000000e+00   0.0000000e+00
   2.5225676e+00   0.0000000e+00   0.0000000e+00
   2.5329609e+00   0.0000000e+00   0.0000000e+00
   2.5434556e+00   0.0000000e+00   0.0000000e+00
   2.5540535e+00   0.0000000e+00   0.0000000e+00
   2.5647564e+00   0.0000000e+00   0.0000000e+00
   2.5755662e+00   0.0000000e+00   0.0000000e+00
   2.5864847e+00   0.0000000e+00   0.0000000e+00
   2.5975139e+00   0.0000000e+00   0.0000000e+00
   2.6086558e+00   0.0000000e+00   0.0000000e+00
   2.6199123e+00   0.0000000e+00   0.0000000e+00
   2.6312855e+00   0.0000000e+00   0.0000000e+00
   2.6427774e+00   0.0000000e+00   0.0000000e+00
   2.6543902e+00   0.0000000e+00   0.0000000e+00
   2.6661262e+00   0.0000000e+00   0.0000000e+00
   2.6779873e+00   0.0000000e+00   0.0000000e+00
   2.6899770e+00   0.0000000e+00   0.0000000e+00
   2.7020957e+00   0.0000000e+00   0.0000000e+00
   2.7143467e+00   0.0000000e+00   0.0000000e+00
   2.7267322e+00   0.0000000e+00   0.0000000e+00
   2.7392548e+00   0.0000000e+00   0.0000000e+00
   2.7519170e+00   0.0000000e+00   0.0000000e+00
   2.7647213e+00   0.0000000e+00   0.0000000e+00
   2.7776703e+00   0.0000000e+00   0.0000000e+00
   2.7907667e+00   0.0000000e+00   0.0000000e+00
   2.8040133e+00   0.0000000e+00   0.0000000e+00
   2.8174127e+00   0.0000000e+00   0.0000000e+00
   2.8309678e+00   0.0000000e+00   0.0000000e+00
   2.8446816e+00   0.0000000e+00   0.0000000e+00
   2.8585569e+00   0.0000000e+00   0.0000000e+00
   2.8725968e+00   0.0000000e+00   0.0000000e+00
   2.8868043e+00   0.0000000e+00   0.0000000e+00
   2.9011827e+00   0.0000000e+00   0.0000000e+00
   2.9157351e+00   0.0000000e+00   0.0000000e+00
   2.9304648e+00   0.0000000e+00   0.0000000e+00
   2.9453752e+00   0.0000000e+00   0.0000000e+00
   2.9604697e+00   0.0000000e+00   0.0000000e+00
   2.9757518e+00   0.0000000e+00   0.0000000e+00
   2.9912251e+00   0.0000000e+00   0.0000000e+00
   3.0068932e+00   0.0000000e+00   0.0000000e+00
   3.0227600e+00   0.0000000e+00   0.0000000e+00
   3.0388292e+00   0.0000000e+00   0.0000000e+00
   3.0551047e+00   0.0000000e+00   0.0000000e+00
   3.0715920e+00   0.0000000e+00   0.0000000e+00
   3.0882926e+00   0.0000000e+00   0.0000000e+00
   3.1052119e+00   0.0000000e+00   0.0000000e+00
   3.1223542e+00   0.0000000e+00   0.0000000e+00
   3.1397239e+00   0.0000000e+00   0.0000000e+00
   3.1573255e+00   0.0000000e+00   0.0000000e+00
   3.1751636e+00   0.0000000e+00   0.0000000e+00
   3.1932429e+00   0.0000000e+00   0.0000000e+00
   3.2115683e+00   0.0000000e+00   0.0000000e+00
   3.2301463e+00   0.0000000e+00   0.0000000e+00
   3.2489792e+00   0.0000000e+00   0.0000000e+00
   3.2680749e+00   0.0000000e+00   0.0000000e+00
   3.2874361e+00   0.0000000e+00   0.0000000e+00
   3.3070695e+00   0.0000000e+00   0.0000000e+00
   3.3269807e+00   0.0000000e+00   0.0000000e+00
   3.3471755e+00   0.0000000e+00   0.0000000e+00
   3.3676599e+00   0.0000000e+00   0.0000000e+00
   3.3884398e+00   0.0000000e+00   0.0000000e+00
   3.4095216e+00   0.0000000e+00   0.0000000e+00
   3.4309115e+00   0.0000000e+00   0.0000000e+00
   3.4526163e+00   0.0000000e+00   0.0000000e+00
   3.4746426e+00   0.0000000e+00   0.0000000e+00
   3.4969973e+00   0.0000000e+00   0.0000000e+00
   3.5196877e+00   0.0000000e+00   0.0000000e+00
   3.5427209e+00   0.0000000e+00   0.0000000e+00
   3.5661046e+00   0.0000000e+00   0.0000000e+00
   3.5898464e+00   0.0000000e+00   0.0000000e+00
   3.6139542e+00   0.0000000e+00   0.0000000e+00
   3.6384364e+00   0.0000000e+00   0.0000000e+00
   3.6633012e+00   0.0000000e+00   0.0000000e+00
   3.6885595e+00   0.0000000e+00   0.0000000e+00
   3.7142164e+00   0.0000000e+00   0.0000000e+00
   3.7402827e+00   0.0000000e+00   0.0000000e+00
   3.7667702e+00   0.0000000e+00   0.0000000e+00
   3.7936847e+00   0.0000000e+00   0.0000000e+00
   3.8210379e+00   0.0000000e+00   0.0000000e+00
   3.8488402e+00   0.0000000e+00   0.0000000e+00
   3.8771047e+00   0.0000000e+00   0.0000000e+00
   3.9058382e+00   0.0000000e+00   0.0000000e+00
   3.9350539e+00   0.0000000e+00   0.0000000e+00
   3.9647636e+00   0.0000000e+00   0.0000000e+00
   3.9949793e+00   0.0000000e+00   0.0000000e+00
   4.0257135e+00   0.0000000e+00   0.0000000e+00
   4.0569791e+00   0.0000000e+00   0.0000000e+00
   4.0887894e+00   0.0000000e+00   0.0000000e+00
   4.1211581e+00   0.0000000e+00   0.0000000e+00
   4.1540994e+00   0.0000000e+00   0.0000000e+00
   4.1876280e+00   0.0000000e+00   0.0000000e+00
   4.2217590e+00   0.0000000e+00   0.0000000e+00
   4.2565081e+00   0.0000000e+00   0.0000000e+00
   4.2918973e+00   0.0000000e+00   0.0000000e+00
   4.3279332e+00   0.0000000e+00   0.0000000e+00
   4.3646378e+00   0.0000000e+00   0.0000000e+00
   4.4020292e+00   0.0000000e+00   0.0000000e+00
   4.4401259e+00   0.0000000e+00   0.0000000e+00
   4.4789474e+00   0.0000000e+00   0.0000000e+00
   4.5185135e+00   0.0000000e+00   0.0000000e+00
   4.5588485e+00   0.0000000e+00   0.0000000e+00
   4.5999680e+00   0.0000000e+00   0.0000000e+00
   4.6418969e+00   0.0000000e+00   0.0000000e+00
   4.6846585e+00   0.0000000e+00   0.0000000e+00
   4.7282768e+00   0.0000000e+00   0.0000000e+00
   4.7727805e+00   0.0000000e+00   0.0000000e+00
   4.8181925e+00   0.0000000e+00   0.0000000e+00
   4.8645368e+00   0.0000000e+00   0.0000000e+00
   4.9118485e+00   0.0000000e+00   0.0000000e+00
   4.9601492e+00   0.0000000e+00   0.0000000e+00
   5.0094729e+00   0.0000000e+00   0.0000000e+00
   5.0598511e+00   0.0000000e+00   0.0000000e+00
   5.1113168e+00   0.0000000e+00   0.0000000e+00
   5.1639042e+00   0.0000000e+00   0.0000000e+00
   5.2176536e+00   0.0000000e+00   0.0000000e+00
   5.2725947e+00   0.0000000e+00   0.0000000e+00
   5.3287735e+00   0.0000000e+00   0.0000000e+00
   5.3862294e+00   0.0000000e+00   0.0000000e+00
   5.4449989e+00   0.0000000e+00   0.0000000e+00
   5.5051356e+00   0.0000000e+00   0.0000000e+00
   5.5666769e+00   0.0000000e+00   0.0000000e+00
   5.6296753e+00   0.0000000e+00   0.0000000e+00
   5.6941813e+00   0.0000000e+00   0.0000000e+00
   5.7602481e+00   0.0000000e+00   0.0000000e+00
   5.8279359e+00   0.0000000e+00   0.0000000e+00
   5.8973006e+00   1.4238773e-07   8.3978687e-07
   5.9683974e+00   2.7776962e-07   1.6580106e-06
   6.0413048e+00   6.7715963e-07   4.0913541e-06
   6.1160731e+00   1.4523799e-06   8.8838160e-06
   6.1927803e+00   2.8308001e-06   1.7532460e-05
   6.2715062e+00   5.7666011e-06   3.6169344e-05
   6.3523197e+00   1.0988516e-05   6.9810681e-05
   6.4353136e+00   2.0683401e-05   1.3312000e-04
   6.5205706e+00   3.8063945e-05   2.4822889e-04
   6.6081806e+00   6.7990962e-05   4.4935280e-04
   6.6982413e+00   1.1846596e-04   7.9361531e-04
   6.7908491e+00   2.0119089e-04   1.3664380e-03
   6.8861225e+00   3.3322701e-04   2.2949536e-03
   6.9841707e+00   5.3811787e-04   3.7588314e-03
   7.0851124e+00   8.4761078e-04   6.0062799e-03
   7.1890761e+00   1.3021740e-03   9.3628064e-03
   7.2961902e+00   1.9513375e-03   1.4239499e-02
   7.4066090e+00   2.8526492e-03   2.1131777e-02
   7.5204870e+00   4.0695652e-03   3.0610024e-02
   7.6379654e+00   5.6656540e-03   4.3281304e-02
   7.7592414e+00   7.6989263e-03   5.9748058e-02
   7.8844803e+00   1.0213622e-02   8.0543392e-02
   8.0138876e+00   1.3230796e-02   1.0604940e-01
   8.1476511e+00   1.6738089e-02   1.3640196e-01
   8.2860178e+00   2.0682280e-02   1.7140725e-01
   8.4292187e+00   2.4969607e-02   2.1051666e-01
   8.5774937e+00   2.9458630e-02   2.5273396e-01
   8.7311201e+00   3.3966401e-02   2.9662906e-01
   8.8904030e+00   3.8286230e-02   3.4045622e-01
   9.0556404e+00   4.2200609e-02   3.8224194e-01
   9.2271540e+00   4.5489265e-02   4.1983788e-01
   9.4053352e+00   4.7959827e-02   4.5119159e-01
   9.5905828e+00   4.9477353e-02   4.7463934e-01
   9.7832713e+00   4.9951801e-02   4.8882426e-01
   9.9838891e+00   4.9355767e-02   4.9290141e-01
   1.0192937e+01   4.7744780e-02   4.8680149e-01
   1.0410912e+01   4.5220724e-02   4.7093350e-01
   1.0638456e+01   4.1945147e-02   4.4637296e-01
   1.0876130e+01   3.9040579e-02   4.2475228e-01
   1.1124694e+01   3.6312480e-02   4.0410561e-01
   1.1384866e+01   3.3178969e-02   3.7787512e-01
   1.1657450e+01   2.9785412e-02   3.4735459e-01
   1.1943398e+01   2.6279247e-02   3.1398902e-01
   1.2243692e+01   2.2797017e-02   2.7923662e-01
   1.2559411e+01   1.9449625e-02   2.4438366e-01
   1.2891789e+01   1.6324426e-02   2.1054880e-01
   1.3242166e+01   1.3484321e-02   1.7864883e-01
   1.3612005e+01   1.0964356e-02   1.4932413e-01
   1.4003020e+01   8.7786670e-03   1.2299506e-01
   1.4417056e+01   6.9236140e-03   9.9875876e-02
   1.4856182e+01   5.3807739e-03   7.9986653e-02
   1.5322677e+01   4.1213046e-03   6.3190694e-02
   1.5819285e+01   3.1119045e-03   4.9262275e-02
   1.6348942e+01   2.3172486e-03   3.7912644e-02
   1.6915067e+01   1.7020770e-03   2.8813550e-02
   1.7521522e+01   1.2335669e-03   2.1632306e-02
   1.8172737e+01   8.8229684e-04   1.6048371e-02
   1.8873856e+01   6.2287039e-04   1.1767539e-02
   1.9630889e+01   4.3412426e-04   8.5313015e-03
   2.0450731e+01   2.9879401e-04   6.1175938e-03
   2.1341499e+01   2.0309185e-04   4.3397111e-03
   2.2312746e+01   1.3633729e-04   3.0462277e-03
   2.3376012e+01   9.0397684e-05   2.1163076e-03
   2.4544883e+01   5.9201555e-05   1.4555021e-03
   2.5836083e+01   3.8292783e-05   9.9114669e-04
   2.7269678e+01   2.4455640e-05   6.6826114e-04
   2.8870965e+01   1.5422467e-05   4.4628194e-04
   3.0671209e+01   9.5962618e-06   2.9509017e-04
   3.2709960e+01   5.8896715e-06   1.9321812e-04
   3.5038176e+01   3.5634559e-06   1.2527839e-04
   3.7721949e+01   2.1238458e-06   8.0427967e-05
   4.0848391e+01   1.2445353e-06   5.1069011e-05
   4.4535737e+01   7.1614449e-07   3.2065974e-05
   4.8947315e+01   4.0481425e-07   1.9943218e-05
   5.4318001e+01   2.2401928e-07   1.2265654e-05
   6.0999849e+01   1.1952569e-07   7.3649552e-06
   6.9544854e+01   6.2435576e-08   4.3994745e-06
   8.0860321e+01   3.1120670e-08   2.5613670e-06
   9.6536561e+01   1.4424723e-08   1.4281356e-06
   1.1968256e+02   6.2396841e-09   7.7693075e-07
   1.5743708e+02   3.4432959e-09   4.7413585e-07
