   1.3609632e-01   5.1584184e-02   7.0675774e-03
   1.3792886e-01   4.7149072e-02   6.5026840e-03
   1.3975493e-01   4.3066925e-02   6.0183406e-03
   1.4157482e-01   3.9231299e-02   5.5537426e-03
   1.4338877e-01   3.5646535e-02   5.1109398e-03
   1.4519705e-01   3.2305696e-02   4.6903621e-03
   1.4699989e-01   2.9207132e-02   4.2931547e-03
   1.4879754e-01   2.6337650e-02   3.9187216e-03
   1.5059019e-01   2.3694764e-02   3.5679744e-03
   1.5237808e-01   2.1264606e-02   3.2400628e-03
   1.5416138e-01   1.9044251e-02   2.9357156e-03
   1.5594031e-01   1.7013488e-02   2.6529381e-03
   1.5771504e-01   1.5168782e-02   2.3922138e-03
   1.5948575e-01   1.3495150e-02   2.1521698e-03
   1.6125260e-01   1.1982905e-02   1.9321754e-03
   1.6301577e-01   1.0616499e-02   1.7305707e-03
   1.6477542e-01   9.3915900e-03   1.5474286e-03
   1.6653169e-01   8.2922534e-03   1.3808584e-03
   1.6828472e-01   7.3137751e-03   1.2307408e-03
   1.7003466e-01   6.4342063e-03   1.0939900e-03
   1.7178166e-01   5.6600154e-03   9.7224535e-04
   1.7352582e-01   4.9689722e-03   8.6220927e-04
   1.7526729e-01   4.3558783e-03   7.6341227e-04
   1.7700618e-01   3.8154806e-03   6.7533722e-04
   1.7874260e-01   3.3424484e-03   5.9741524e-04
   1.8047669e-01   2.9256167e-03   5.2798612e-04
   1.8220854e-01   2.5537542e-03   4.6529910e-04
   1.8393826e-01   2.2328830e-03   4.1069824e-04
   1.8566595e-01   1.9516646e-03   3.6234534e-04
   1.8739172e-01   1.7044916e-03   3.1939704e-04
   1.8911566e-01   1.4857187e-03   2.8096361e-04
   1.9083786e-01   1.3012803e-03   2.4832575e-04
   1.9255842e-01   1.1338641e-03   2.1832840e-04
   1.9427743e-01   9.9518678e-04   1.9333656e-04
   1.9599496e-01   8.6787265e-04   1.7009371e-04
   1.9771111e-01   7.6362763e-04   1.5097338e-04
   1.9942596e-01   6.7085444e-04   1.3378208e-04
   2.0113957e-01   5.8375696e-04   1.1741345e-04
   2.0285204e-01   5.1404017e-04   1.0427135e-04
   2.0456343e-01   4.5590314e-04   9.3258706e-05
   2.0627382e-01   4.0352731e-04   8.3235024e-05
   2.0798327e-01   3.5692904e-04   7.4233446e-05
   2.0969186e-01   3.1612358e-04   6.6286952e-05
   2.1139966e-01   2.8112430e-04   5.9428187e-05
   2.1310672e-01   2.4608478e-04   5.2441117e-05
   2.1481312e-01   2.2273131e-04   4.7844533e-05
   2.1651891e-01   1.9935297e-04   4.3162740e-05
   2.1822415e-01   1.7595306e-04   3.8396384e-05
   2.1992891e-01   1.5840028e-04   3.4836068e-05
   2.2163324e-01   1.4670131e-04   3.2513219e-05
   2.2333719e-01   1.2912329e-04   2.8837453e-05
   2.2504083e-01   1.1740480e-04   2.6420353e-05
   2.2674421e-01   1.1155007e-04   2.5292845e-05
   2.2844738e-01   9.9818811e-05   2.2802915e-05
   2.3015038e-01   9.3954563e-05   2.1623279e-05
   2.3185328e-01   8.8086779e-05   2.0422838e-05
   2.3355611e-01   8.2216047e-05   1.9201720e-05
   2.3525894e-01   7.6342935e-05   1.7960045e-05
   2.3696180e-01   7.0467990e-05   1.6697937e-05
   2.3866474e-01   6.4591741e-05   1.5415514e-05
   2.4036781e-01   6.4586108e-05   1.5524167e-05
   2.4207105e-01   5.8708005e-05   1.4211280e-05
   2.4377450e-01   5.8699892e-05   1.4309311e-05
   2.4547821e-01   5.2821263e-05   1.2966269e-05
   2.4718222e-01   5.2811418e-05   1.3053845e-05
   2.4888656e-01   5.2800310e-05   1.3141092e-05
   2.5059129e-01   5.2787925e-05   1.3228001e-05
   2.5229643e-01   4.6910532e-05   1.1835190e-05
   2.5400203e-01   4.6897433e-05   1.1911876e-05
   2.5570813e-01   4.6883334e-05   1.1988284e-05
   2.5741476e-01   4.6868224e-05   1.2064409e-05
   2.5912196e-01   4.6852130e-05   1.2140254e-05
   2.6082976e-01   5.2689423e-05   1.3742790e-05
   2.6253820e-01   5.2669114e-05   1.3827477e-05
   2.6424732e-01   5.2647794e-05   1.3911863e-05
   2.6595715e-01   5.2625495e-05   1.3995953e-05
   2.6766772e-01   5.8446792e-05   1.5644129e-05
   2.6937907e-01   5.8419740e-05   1.5736867e-05
   2.7109122e-01   6.4230867e-05   1.7412219e-05
   2.7280421e-01   6.4198805e-05   1.7513502e-05
   2.7451807e-01   6.9998855e-05   1.9215733e-05
   2.7623284e-01   7.5791518e-05   2.0935872e-05
   2.7794854e-01   8.1576526e-05   2.2673827e-05
   2.7966520e-01   8.7353692e-05   2.4429524e-05
   2.8138285e-01   9.3122708e-05   2.6202855e-05
   2.8310152e-01   1.0470001e-04   2.9640422e-05
   2.8482125e-01   1.1626142e-04   3.3113383e-05
   2.8654205e-01   1.2780635e-04   3.6621525e-05
   2.8826395e-01   1.3933452e-04   4.0164721e-05
   2.8998699e-01   1.5664712e-04   4.5425182e-05
   2.9171119e-01   1.7973160e-04   5.2429217e-05
   2.9343658e-01   2.0278169e-04   5.9503003e-05
   2.9516318e-01   2.3158618e-04   6.8355075e-05
   2.9689102e-01   2.6034563e-04   7.7293572e-05
   2.9862012e-01   3.0062146e-04   8.9770809e-05
   3.0035052e-01   3.4661017e-04   1.0410362e-04
   3.0208223e-01   3.9829633e-04   1.2031719e-04
   3.0381528e-01   4.6143262e-04   1.4018907e-04
   3.0554969e-01   5.3599010e-04   1.6377022e-04
   3.0728549e-01   6.2769709e-04   1.9288060e-04
   3.0902270e-01   7.3650862e-04   2.2759601e-04
   3.1076135e-01   8.6812720e-04   2.6977820e-04
   3.1250145e-01   1.0224909e-03   3.1952734e-04
   3.1424304e-01   1.2110160e-03   3.8055035e-04
   3.1598613e-01   1.4336063e-03   4.5299619e-04
   3.1773075e-01   1.7016234e-03   5.4065396e-04
   3.1947692e-01   2.0263875e-03   6.4737918e-04
   3.2122465e-01   2.4191708e-03   7.7709154e-04
   3.2297398e-01   2.8854901e-03   9.3193143e-04
   3.2472492e-01   3.4479621e-03   1.1196312e-03
   3.2647750e-01   4.1234080e-03   1.3461904e-03
   3.2823173e-01   4.9342753e-03   1.6195744e-03
   3.2998764e-01   5.9086118e-03   1.9497555e-03
   3.3174525e-01   7.0686705e-03   2.3449819e-03
   3.3350457e-01   8.4593105e-03   2.8211999e-03
   3.3526563e-01   1.0119529e-02   3.3927078e-03
   3.3702845e-01   1.2093848e-02   4.0759444e-03
   3.3879304e-01   1.4443556e-02   4.8933450e-03
   3.4055943e-01   1.7218355e-02   5.8638363e-03
   3.4232764e-01   2.0496002e-02   7.0163044e-03
   3.4409769e-01   2.4353882e-02   8.3800629e-03
   3.4586958e-01   2.8874658e-02   9.9868055e-03
   3.4764336e-01   3.4146276e-02   1.1870655e-02
   3.4941902e-01   4.0278771e-02   1.4074086e-02
   3.5119659e-01   4.7370360e-02   1.6636213e-02
   3.5297610e-01   5.5530088e-02   1.9600681e-02
   3.5475754e-01   6.4872020e-02   2.3013709e-02
   3.5654096e-01   7.5498475e-02   2.6918149e-02
   3.5832636e-01   8.7522454e-02   3.1361430e-02
   3.6011376e-01   1.0103396e-01   3.6383520e-02
   3.6190318e-01   1.1611130e-01   4.2020824e-02
   3.6369463e-01   1.3281584e-01   4.8304155e-02
   3.6548814e-01   1.5118611e-01   5.5256441e-02
   3.6728372e-01   1.7122114e-01   6.2886414e-02
   3.6908139e-01   1.9288156e-01   7.1188635e-02
   3.7088116e-01   2.1608875e-01   8.0142844e-02
   3.7268306e-01   2.4070907e-01   8.9707748e-02
   3.7448709e-01   2.6656533e-01   9.9824787e-02
   3.7629328e-01   2.9341962e-01   1.1041130e-01
   3.7810164e-01   3.2098046e-01   1.2136266e-01
   3.7991219e-01   3.4890239e-01   1.3255165e-01
   3.8172495e-01   3.7680284e-01   1.4383438e-01
   3.8353992e-01   4.0424644e-01   1.5504394e-01
   3.8535714e-01   4.3077735e-01   1.6600238e-01
   3.8717660e-01   4.5592072e-01   1.7652105e-01
   3.8899834e-01   4.7919816e-01   1.8640647e-01
   3.9082236e-01   5.0013896e-01   1.9546464e-01
   3.9264868e-01   5.1832001e-01   2.0351680e-01
   3.9447732e-01   5.3334100e-01   2.1039004e-01
   3.9630829e-01   5.4487470e-01   2.1593746e-01
   3.9814161e-01   5.5265688e-01   2.2003480e-01
   3.9997730e-01   5.5652770e-01   2.2259754e-01
   4.0181536e-01   5.5639299e-01   2.2356635e-01
   4.0365581e-01   5.5226815e-01   2.2292537e-01
   4.0549868e-01   5.4425094e-01   2.2069217e-01
   4.0734396e-01   5.3254051e-01   2.1692633e-01
   4.0919169e-01   5.1740604e-01   2.1171745e-01
   4.1104187e-01   4.9919107e-01   2.0518766e-01
   4.1289452e-01   4.7829114e-01   1.9748306e-01
   4.1474966e-01   4.5514857e-01   1.8877202e-01
   4.1660729e-01   4.3022466e-01   1.7923408e-01
   4.1846743e-01   4.0400010e-01   1.6906028e-01
   4.2033011e-01   3.7750039e-01   1.5867422e-01
   4.2219532e-01   3.6997160e-01   1.5619973e-01
   4.2406310e-01   3.5905240e-01   1.5226035e-01
   4.2593344e-01   3.4522723e-01   1.4704332e-01
   4.2780637e-01   3.2900954e-01   1.4075191e-01
   4.2968190e-01   3.1094315e-01   1.3360620e-01
   4.3156005e-01   2.9153073e-01   1.2581260e-01
   4.3344082e-01   2.7127741e-01   1.1758232e-01
   4.3532424e-01   2.5063336e-01   1.0910643e-01
   4.3721031e-01   2.3000314e-01   1.0055943e-01
   4.3909906e-01   2.0972571e-01   9.2090073e-02
   4.4099049e-01   1.9010133e-01   8.3832620e-02
   4.4288462e-01   1.7134390e-01   7.5885346e-02
   4.4478146e-01   1.5363454e-01   6.8333588e-02
   4.4668103e-01   1.3709008e-01   6.1235358e-02
   4.4858334e-01   1.2178471e-01   5.4630431e-02
   4.5048840e-01   1.0774483e-01   4.8537654e-02
   4.5239624e-01   9.4975710e-02   4.2966531e-02
   4.5430685e-01   8.3446023e-02   3.7909993e-02
   4.5622027e-01   7.3098379e-02   3.3348869e-02
   4.5813649e-01   6.3875613e-02   2.9263668e-02
   4.6005553e-01   5.5700093e-02   2.5625066e-02
   4.6197742e-01   4.8484192e-02   2.2398541e-02
   4.6390215e-01   4.2145925e-02   1.9551533e-02
   4.6582974e-01   3.6603778e-02   1.7051084e-02
   4.6776022e-01   3.1771504e-02   1.4861407e-02
   4.6969358e-01   2.7573662e-02   1.2951139e-02
   4.7162985e-01   2.3935238e-02   1.1288544e-02
   4.7356904e-01   2.0791963e-02   9.8464052e-03
   4.7551116e-01   1.8079928e-02   8.5971865e-03
   4.7745623e-01   1.5740723e-02   7.5154881e-03
   4.7940425e-01   1.3731664e-02   6.5830022e-03
   4.8135524e-01   1.2000085e-02   5.7762899e-03
   4.8330922e-01   1.0514055e-02   5.0815280e-03
   4.8526620e-01   9.2418451e-03   4.4847446e-03
   4.8722619e-01   8.1468237e-03   3.9693367e-03
   4.8918920e-01   7.2078253e-03   3.5259823e-03
   4.9115525e-01   6.4038150e-03   3.1452603e-03
   4.9312435e-01   5.7088205e-03   2.8151522e-03
   4.9509652e-01   5.1172802e-03   2.5335421e-03
   4.9707176e-01   4.6034231e-03   2.2882267e-03
   4.9905010e-01   4.1669038e-03   2.0794893e-03
   5.0103154e-01   3.7871972e-03   1.8975012e-03
   5.0301609e-01   3.4640387e-03   1.7424636e-03
   5.0500378e-01   3.1871181e-03   1.6095034e-03
   5.0699461e-01   2.9512039e-03   1.4962414e-03
   5.0898859e-01   2.7460814e-03   1.3977213e-03
   5.1098575e-01   2.5716114e-03   1.3140542e-03
   5.1298609e-01   2.4226556e-03   1.2427862e-03
   5.1498962e-01   2.2990938e-03   1.1840071e-03
   5.1699636e-01   2.1958283e-03   1.1352331e-03
   5.1900633e-01   2.1077938e-03   1.0939562e-03
   5.2101953e-01   2.0398815e-03   1.0628161e-03
   5.2303598e-01   1.9870389e-03   1.0392909e-03
   5.2505568e-01   1.9442495e-03   1.0208374e-03
   5.2707867e-01   1.9164036e-03   1.0100936e-03
   5.2910494e-01   1.8984970e-03   1.0045024e-03
   5.3113451e-01   1.8904835e-03   1.0040993e-03
   5.3316739e-01   1.8873989e-03   1.0062978e-03
   5.3520360e-01   1.8990330e-03   1.0163675e-03
   5.3724315e-01   2.0183958e-03   1.0843675e-03
   5.3928605e-01   2.1960454e-03   1.1842947e-03
   5.4133232e-01   2.4170442e-03   1.3084220e-03
   5.4338196e-01   2.6762990e-03   1.4542503e-03
   5.4543500e-01   2.9979475e-03   1.6351829e-03
   5.4749144e-01   3.3816768e-03   1.8514361e-03
   5.4955130e-01   3.8417242e-03   2.1112212e-03
   5.5161459e-01   4.4067555e-03   2.4308268e-03
   5.5368132e-01   5.0859046e-03   2.8159660e-03
   5.5575151e-01   5.9172025e-03   3.2884893e-03
   5.5782517e-01   6.9287794e-03   3.8650418e-03
   5.5990231e-01   8.1630050e-03   4.5704787e-03
   5.6198295e-01   9.6811666e-03   5.4406427e-03
   5.6406710e-01   1.1534536e-02   6.5062427e-03
   5.6615477e-01   1.3817110e-02   7.8226117e-03
   5.6824598e-01   1.6612677e-02   9.4400738e-03
   5.7034073e-01   2.0056900e-02   1.1439251e-02
   5.7243905e-01   2.4284509e-02   1.3901383e-02
   5.7454094e-01   2.9467333e-02   1.6930167e-02
   5.7664642e-01   3.5818697e-02   2.0654696e-02
   5.7875550e-01   4.3574102e-02   2.5218718e-02
   5.8086819e-01   5.3005231e-02   3.0789013e-02
   5.8298452e-01   6.4433814e-02   3.7563868e-02
   5.8510448e-01   7.8188707e-02   4.5748505e-02
   5.8722810e-01   9.4634058e-02   5.5571709e-02
   5.8935538e-01   1.1413144e-01   6.7263898e-02
   5.9148634e-01   1.3702106e-01   8.1045987e-02
   5.9362100e-01   1.6357977e-01   9.7104273e-02
   5.9575937e-01   1.9399829e-01   1.1557616e-01
   5.9790145e-01   2.2828866e-01   1.3649396e-01
   6.0004727e-01   2.6625785e-01   1.5976711e-01
   6.0219684e-01   3.0742581e-01   1.8513064e-01
   6.0435016e-01   3.5096305e-01   2.1210434e-01
   6.0650726e-01   3.9566130e-01   2.3997119e-01
   6.0866815e-01   4.3991856e-01   2.6776412e-01
   6.1083283e-01   4.8175159e-01   2.9426937e-01
   6.1300134e-01   5.1890071e-01   3.1808649e-01
   6.1517367e-01   5.4898028e-01   3.3771786e-01
   6.1734983e-01   5.6965800e-01   3.5167791e-01
   6.1952986e-01   5.7892507e-01   3.5866100e-01
   6.2171375e-01   5.7535061e-01   3.5770303e-01
   6.2390152e-01   5.5831795e-01   3.4833507e-01
   6.2609319e-01   5.2819946e-01   3.3070176e-01
   6.2828877e-01   4.8638974e-01   3.0559292e-01
   6.3048827e-01   4.3525520e-01   2.7442304e-01
   6.3269170e-01   3.7789358e-01   2.3908991e-01
   6.3489908e-01   3.1777895e-01   2.0175738e-01
   6.3711043e-01   2.5839272e-01   1.6462455e-01
   6.3932576e-01   2.0280791e-01   1.2966020e-01
   6.4154507e-01   1.5339096e-01   9.8407128e-02
   6.4376839e-01   1.1159249e-01   7.1839655e-02
   6.4599573e-01   7.7950818e-02   5.0355853e-02
   6.4822710e-01   5.2189646e-02   3.3830715e-02
   6.5046252e-01   3.3426504e-02   2.1742670e-02
   6.5270199e-01   2.0446008e-02   1.3345140e-02
   6.5494554e-01   1.1921123e-02   7.8076800e-03
   6.5719318e-01   6.6142475e-03   4.3468349e-03
   6.5944492e-01   3.4830097e-03   2.2968513e-03
   6.6170078e-01   1.7405395e-03   1.1517155e-03
   6.6396076e-01   8.2226010e-04   5.4594804e-04
   6.6622489e-01   3.6625044e-04   2.4400498e-04
   6.6849318e-01   1.5415961e-04   1.0305458e-04
   6.7076564e-01   6.1550546e-05   4.1285962e-05
   6.7304229e-01   2.1941881e-05   1.4767803e-05
   6.7532314e-01   8.7605765e-06   5.9162159e-06
   6.7760820e-01   4.3722025e-06   2.9626383e-06
   6.7989749e-01   0.0000000e+00   0.0000000e+00
   6.8219102e-01   0.0000000e+00   0.0000000e+00
   6.8448882e-01   0.0000000e+00   0.0000000e+00
   6.8679089e-01   0.0000000e+00   0.0000000e+00
   6.8909724e-01   0.0000000e+00   0.0000000e+00
   6.9140789e-01   0.0000000e+00   0.0000000e+00
   6.9372286e-01   0.0000000e+00   0.0000000e+00
   6.9604216e-01   0.0000000e+00   0.0000000e+00
   6.9836581e-01   0.0000000e+00   0.0000000e+00
   7.0069382e-01   0.0000000e+00   0.0000000e+00
   7.0302620e-01   0.0000000e+00   0.0000000e+00
   7.0536297e-01   0.0000000e+00   0.0000000e+00
   7.0770414e-01   0.0000000e+00   0.0000000e+00
   7.1004973e-01   0.0000000e+00   0.0000000e+00
   7.1239976e-01   0.0000000e+00   0.0000000e+00
   7.1475424e-01   0.0000000e+00   0.0000000e+00
   7.1711318e-01   0.0000000e+00   0.0000000e+00
   7.1947659e-01   0.0000000e+00   0.0000000e+00
   7.2184451e-01   0.0000000e+00   0.0000000e+00
   7.2421693e-01   0.0000000e+00   0.0000000e+00
   7.2659387e-01   0.0000000e+00   0.0000000e+00
   7.2897535e-01   0.0000000e+00   0.0000000e+00
   7.3136139e-01   0.0000000e+00   0.0000000e+00
   7.3375200e-01   0.0000000e+00   0.0000000e+00
   7.3614719e-01   0.0000000e+00   0.0000000e+00
   7.3854699e-01   0.0000000e+00   0.0000000e+00
   7.4095140e-01   0.0000000e+00   0.0000000e+00
   7.4336044e-01   0.0000000e+00   0.0000000e+00
   7.4577412e-01   0.0000000e+00   0.0000000e+00
   7.4819247e-01   0.0000000e+00   0.0000000e+00
   7.5061550e-01   0.0000000e+00   0.0000000e+00
   7.5304323e-01   0.0000000e+00   0.0000000e+00
   7.5547566e-01   0.0000000e+00   0.0000000e+00
   7.5791282e-01   0.0000000e+00   0.0000000e+00
   7.6035471e-01   0.0000000e+00   0.0000000e+00
   7.6280137e-01   0.0000000e+00   0.0000000e+00
   7.6525280e-01   0.0000000e+00   0.0000000e+00
   7.6770902e-01   0.0000000e+00   0.0000000e+00
   7.7017004e-01   0.0000000e+00   0.0000000e+00
   7.7263589e-01   0.0000000e+00   0.0000000e+00
   7.7510657e-01   0.0000000e+00   0.0000000e+00
   7.7758211e-01   0.0000000e+00   0.0000000e+00
   7.8006252e-01   0.0000000e+00   0.0000000e+00
   7.8254781e-01   0.0000000e+00   0.0000000e+00
   7.8503801e-01   0.0000000e+00   0.0000000e+00
   7.8753313e-01   0.0000000e+00   0.0000000e+00
   7.9003319e-01   0.0000000e+00   0.0000000e+00
   7.9253819e-01   0.0000000e+00   0.0000000e+00
   7.9504817e-01   0.0000000e+00   0.0000000e+00
   7.9756313e-01   0.0000000e+00   0.0000000e+00
   8.0008310e-01   0.0000000e+00   0.0000000e+00
   8.0260809e-01   0.0000000e+00   0.0000000e+00
   8.0513811e-01   0.0000000e+00   0.0000000e+00
   8.0767319e-01   0.0000000e+00   0.0000000e+00
   8.1021334e-01   0.0000000e+00   0.0000000e+00
   8.1275858e-01   0.0000000e+00   0.0000000e+00
   8.1530892e-01   0.0000000e+00   0.0000000e+00
   8.1786439e-01   0.0000000e+00   0.0000000e+00
   8.2042500e-01   0.0000000e+00   0.0000000e+00
   8.2299076e-01   0.0000000e+00   0.0000000e+00
   8.2556170e-01   0.0000000e+00   0.0000000e+00
   8.2813784e-01   0.0000000e+00   0.0000000e+00
   8.3071918e-01   0.0000000e+00   0.0000000e+00
   8.3330576e-01   0.0000000e+00   0.0000000e+00
   8.3589758e-01   0.0000000e+00   0.0000000e+00
   8.3849466e-01   0.0000000e+00   0.0000000e+00
   8.4109702e-01   0.0000000e+00   0.0000000e+00
   8.4370469e-01   0.0000000e+00   0.0000000e+00
   8.4631767e-01   0.0000000e+00   0.0000000e+00
   8.4893599e-01   0.0000000e+00   0.0000000e+00
   8.5155967e-01   0.0000000e+00   0.0000000e+00
   8.5418871e-01   0.0000000e+00   0.0000000e+00
   8.5682315e-01   0.0000000e+00   0.0000000e+00
   8.5946300e-01   0.0000000e+00   0.0000000e+00
   8.6210828e-01   0.0000000e+00   0.0000000e+00
   8.6475900e-01   0.0000000e+00   0.0000000e+00
   8.6741520e-01   0.0000000e+00   0.0000000e+00
   8.7007687e-01   0.0000000e+00   0.0000000e+00
   8.7274405e-01   0.0000000e+00   0.0000000e+00
   8.7541675e-01   0.0000000e+00   0.0000000e+00
   8.7809500e-01   0.0000000e+00   0.0000000e+00
   8.8077880e-01   0.0000000e+00   0.0000000e+00
   8.8346819e-01   0.0000000e+00   0.0000000e+00
   8.8616317e-01   0.0000000e+00   0.0000000e+00
   8.8886378e-01   0.0000000e+00   0.0000000e+00
   8.9157002e-01   0.0000000e+00   0.0000000e+00
   8.9428192e-01   0.0000000e+00   0.0000000e+00
   8.9699950e-01   0.0000000e+00   0.0000000e+00
   8.9972284e-01   0.0000000e+00   0.0000000e+00
   9.0245184e-01   0.0000000e+00   0.0000000e+00
   9.0518657e-01   0.0000000e+00   0.0000000e+00
   9.0792707e-01   0.0000000e+00   0.0000000e+00
   9.1067334e-01   0.0000000e+00   0.0000000e+00
   9.1342542e-01   0.0000000e+00   0.0000000e+00
   9.1618331e-01   0.0000000e+00   0.0000000e+00
   9.1894704e-01   0.0000000e+00   0.0000000e+00
   9.2171664e-01   0.0000000e+00   0.0000000e+00
   9.2449211e-01   0.0000000e+00   0.0000000e+00
   9.2727349e-01   0.0000000e+00   0.0000000e+00
   9.3006078e-01   0.0000000e+00   0.0000000e+00
   9.3285403e-01   0.0000000e+00   0.0000000e+00
   9.3565323e-01   0.0000000e+00   0.0000000e+00
   9.3845843e-01   0.0000000e+00   0.0000000e+00
   9.4126963e-01   0.0000000e+00   0.0000000e+00
   9.4408686e-01   0.0000000e+00   0.0000000e+00
   9.4691014e-01   0.0000000e+00   0.0000000e+00
   9.4973950e-01   0.0000000e+00   0.0000000e+00
   9.5257494e-01   0.0000000e+00   0.0000000e+00
   9.5541651e-01   0.0000000e+00   0.0000000e+00
   9.5826421e-01   0.0000000e+00   0.0000000e+00
   9.6111808e-01   0.0000000e+00   0.0000000e+00
   9.6397812e-01   0.0000000e+00   0.0000000e+00
   9.6684437e-01   0.0000000e+00   0.0000000e+00
   9.6971685e-01   0.0000000e+00   0.0000000e+00
   9.7259558e-01   0.0000000e+00   0.0000000e+00
   9.7548058e-01   0.0000000e+00   0.0000000e+00
   9.7837187e-01   0.0000000e+00   0.0000000e+00
   9.8126949e-01   0.0000000e+00   0.0000000e+00
   9.8417345e-01   0.0000000e+00   0.0000000e+00
   9.8708377e-01   0.0000000e+00   0.0000000e+00
   9.9000048e-01   0.0000000e+00   0.0000000e+00
   9.9292360e-01   0.0000000e+00   0.0000000e+00
   9.9585316e-01   0.0000000e+00   0.0000000e+00
   9.9878918e-01   0.0000000e+00   0.0000000e+00
   1.0017317e+00   0.0000000e+00   0.0000000e+00
   1.0046807e+00   0.0000000e+00   0.0000000e+00
   1.0076362e+00   0.0000000e+00   0.0000000e+00
   1.0105983e+00   0.0000000e+00   0.0000000e+00
   1.0135670e+00   0.0000000e+00   0.0000000e+00
   1.0165423e+00   0.0000000e+00   0.0000000e+00
   1.0195242e+00   0.0000000e+00   0.0000000e+00
   1.0225128e+00   0.0000000e+00   0.0000000e+00
   1.0255080e+00   0.0000000e+00   0.0000000e+00
   1.0285100e+00   0.0000000e+00   0.0000000e+00
   1.0315187e+00   0.0000000e+00   0.0000000e+00
   1.0345341e+00   0.0000000e+00   0.0000000e+00
   1.0375563e+00   0.0000000e+00   0.0000000e+00
   1.0405854e+00   0.0000000e+00   0.0000000e+00
   1.0436212e+00   0.0000000e+00   0.0000000e+00
   1.0466639e+00   0.0000000e+00   0.0000000e+00
   1.0497136e+00   0.0000000e+00   0.0000000e+00
   1.0527701e+00   0.0000000e+00   0.0000000e+00
   1.0558335e+00   0.0000000e+00   0.0000000e+00
   1.0589040e+00   0.0000000e+00   0.0000000e+00
   1.0619814e+00   0.0000000e+00   0.0000000e+00
   1.0650658e+00   0.0000000e+00   0.0000000e+00
   1.0681573e+00   0.0000000e+00   0.0000000e+00
   1.0712559e+00   0.0000000e+00   0.0000000e+00
   1.0743616e+00   0.0000000e+00   0.0000000e+00
   1.0774744e+00   0.0000000e+00   0.0000000e+00
   1.0805943e+00   0.0000000e+00   0.0000000e+00
   1.0837215e+00   0.0000000e+00   0.0000000e+00
   1.0868558e+00   0.0000000e+00   0.0000000e+00
   1.0899974e+00   0.0000000e+00   0.0000000e+00
   1.0931463e+00   0.0000000e+00   0.0000000e+00
   1.0963025e+00   0.0000000e+00   0.0000000e+00
   1.0994660e+00   0.0000000e+00   0.0000000e+00
   1.1026369e+00   0.0000000e+00   0.0000000e+00
   1.1058151e+00   0.0000000e+00   0.0000000e+00
   1.1090008e+00   0.0000000e+00   0.0000000e+00
   1.1121940e+00   0.0000000e+00   0.0000000e+00
   1.1153946e+00   0.0000000e+00   0.0000000e+00
   1.1186027e+00   0.0000000e+00   0.0000000e+00
   1.1218184e+00   0.0000000e+00   0.0000000e+00
   1.1250416e+00   0.0000000e+00   0.0000000e+00
   1.1282725e+00   0.0000000e+00   0.0000000e+00
   1.1315109e+00   0.0000000e+00   0.0000000e+00
   1.1347571e+00   0.0000000e+00   0.0000000e+00
   1.1380110e+00   0.0000000e+00   0.0000000e+00
   1.1412725e+00   0.0000000e+00   0.0000000e+00
   1.1445419e+00   0.0000000e+00   0.0000000e+00
   1.1478190e+00   0.0000000e+00   0.0000000e+00
   1.1511040e+00   0.0000000e+00   0.0000000e+00
   1.1543968e+00   0.0000000e+00   0.0000000e+00
   1.1576976e+00   0.0000000e+00   0.0000000e+00
   1.1610062e+00   0.0000000e+00   0.0000000e+00
   1.1643229e+00   0.0000000e+00   0.0000000e+00
   1.1676475e+00   0.0000000e+00   0.0000000e+00
   1.1709802e+00   0.0000000e+00   0.0000000e+00
   1.1743209e+00   0.0000000e+00   0.0000000e+00
   1.1776697e+00   0.0000000e+00   0.0000000e+00
   1.1810267e+00   0.0000000e+00   0.0000000e+00
   1.1843918e+00   0.0000000e+00   0.0000000e+00
   1.1877652e+00   0.0000000e+00   0.0000000e+00
   1.1911468e+00   0.0000000e+00   0.0000000e+00
   1.1945367e+00   0.0000000e+00   0.0000000e+00
   1.1979349e+00   0.0000000e+00   0.0000000e+00
   1.2013414e+00   0.0000000e+00   0.0000000e+00
   1.2047564e+00   0.0000000e+00   0.0000000e+00
   1.2081798e+00   0.0000000e+00   0.0000000e+00
   1.2116117e+00   0.0000000e+00   0.0000000e+00
   1.2150520e+00   0.0000000e+00   0.0000000e+00
   1.2185009e+00   0.0000000e+00   0.0000000e+00
   1.2219584e+00   0.0000000e+00   0.0000000e+00
   1.2254246e+00   0.0000000e+00   0.0000000e+00
   1.2288994e+00   0.0000000e+00   0.0000000e+00
   1.2323829e+00   0.0000000e+00   0.0000000e+00
   1.2358752e+00   0.0000000e+00   0.0000000e+00
   1.2393762e+00   0.0000000e+00   0.0000000e+00
   1.2428861e+00   0.0000000e+00   0.0000000e+00
   1.2464049e+00   0.0000000e+00   0.0000000e+00
   1.2499325e+00   0.0000000e+00   0.0000000e+00
   1.2534692e+00   0.0000000e+00   0.0000000e+00
   1.2570148e+00   0.0000000e+00   0.0000000e+00
   1.2605695e+00   0.0000000e+00   0.0000000e+00
   1.2641332e+00   0.0000000e+00   0.0000000e+00
   1.2677062e+00   0.0000000e+00   0.0000000e+00
   1.2712882e+00   0.0000000e+00   0.0000000e+00
   1.2748796e+00   0.0000000e+00   0.0000000e+00
   1.2784801e+00   0.0000000e+00   0.0000000e+00
   1.2820900e+00   0.0000000e+00   0.0000000e+00
   1.2857093e+00   0.0000000e+00   0.0000000e+00
   1.2893380e+00   0.0000000e+00   0.0000000e+00
   1.2929761e+00   0.0000000e+00   0.0000000e+00
   1.2966238e+00   0.0000000e+00   0.0000000e+00
   1.3002810e+00   0.0000000e+00   0.0000000e+00
   1.3039478e+00   0.0000000e+00   0.0000000e+00
   1.3076243e+00   0.0000000e+00   0.0000000e+00
   1.3113105e+00   0.0000000e+00   0.0000000e+00
   1.3150064e+00   0.0000000e+00   0.0000000e+00
   1.3187122e+00   0.0000000e+00   0.0000000e+00
   1.3224278e+00   0.0000000e+00   0.0000000e+00
   1.3261533e+00   0.0000000e+00   0.0000000e+00
   1.3298888e+00   0.0000000e+00   0.0000000e+00
   1.3336343e+00   0.0000000e+00   0.0000000e+00
   1.3373899e+00   0.0000000e+00   0.0000000e+00
   1.3411557e+00   0.0000000e+00   0.0000000e+00
   1.3449316e+00   0.0000000e+00   0.0000000e+00
   1.3487178e+00   0.0000000e+00   0.0000000e+00
   1.3525143e+00   0.0000000e+00   0.0000000e+00
   1.3563211e+00   0.0000000e+00   0.0000000e+00
   1.3601384e+00   0.0000000e+00   0.0000000e+00
   1.3639661e+00   0.0000000e+00   0.0000000e+00
   1.3678044e+00   0.0000000e+00   0.0000000e+00
   1.3716533e+00   0.0000000e+00   0.0000000e+00
   1.3755129e+00   0.0000000e+00   0.0000000e+00
   1.3793832e+00   0.0000000e+00   0.0000000e+00
   1.3832643e+00   0.0000000e+00   0.0000000e+00
   1.3871562e+00   0.0000000e+00   0.0000000e+00
   1.3910590e+00   0.0000000e+00   0.0000000e+00
   1.3949729e+00   0.0000000e+00   0.0000000e+00
   1.3988978e+00   0.0000000e+00   0.0000000e+00
   1.4028338e+00   0.0000000e+00   0.0000000e+00
   1.4067810e+00   0.0000000e+00   0.0000000e+00
   1.4107394e+00   0.0000000e+00   0.0000000e+00
   1.4147092e+00   0.0000000e+00   0.0000000e+00
   1.4186904e+00   0.0000000e+00   0.0000000e+00
   1.4226830e+00   0.0000000e+00   0.0000000e+00
   1.4266872e+00   0.0000000e+00   0.0000000e+00
   1.4307030e+00   0.0000000e+00   0.0000000e+00
   1.4347306e+00   0.0000000e+00   0.0000000e+00
   1.4387698e+00   0.0000000e+00   0.0000000e+00
   1.4428209e+00   0.0000000e+00   0.0000000e+00
   1.4468840e+00   0.0000000e+00   0.0000000e+00
   1.4509590e+00   0.0000000e+00   0.0000000e+00
   1.4550462e+00   0.0000000e+00   0.0000000e+00
   1.4591454e+00   0.0000000e+00   0.0000000e+00
   1.4632570e+00   0.0000000e+00   0.0000000e+00
   1.4673809e+00   0.0000000e+00   0.0000000e+00
   1.4715171e+00   0.0000000e+00   0.0000000e+00
   1.4756659e+00   0.0000000e+00   0.0000000e+00
   1.4798273e+00   0.0000000e+00   0.0000000e+00
   1.4840013e+00   0.0000000e+00   0.0000000e+00
   1.4881882e+00   0.0000000e+00   0.0000000e+00
   1.4923878e+00   0.0000000e+00   0.0000000e+00
   1.4966005e+00   0.0000000e+00   0.0000000e+00
   1.5008261e+00   0.0000000e+00   0.0000000e+00
   1.5050649e+00   0.0000000e+00   0.0000000e+00
   1.5093170e+00   0.0000000e+00   0.0000000e+00
   1.5135824e+00   0.0000000e+00   0.0000000e+00
   1.5178612e+00   0.0000000e+00   0.0000000e+00
   1.5221535e+00   0.0000000e+00   0.0000000e+00
   1.5264595e+00   0.0000000e+00   0.0000000e+00
   1.5307792e+00   0.0000000e+00   0.0000000e+00
   1.5351128e+00   0.0000000e+00   0.0000000e+00
   1.5394603e+00   0.0000000e+00   0.0000000e+00
   1.5438219e+00   0.0000000e+00   0.0000000e+00
   1.5481976e+00   0.0000000e+00   0.0000000e+00
   1.5525876e+00   0.0000000e+00   0.0000000e+00
   1.5569923e+00   0.0000000e+00   0.0000000e+00
   1.5614112e+00   0.0000000e+00   0.0000000e+00
   1.5658448e+00   0.0000000e+00   0.0000000e+00
   1.5702931e+00   0.0000000e+00   0.0000000e+00
   1.5747563e+00   0.0000000e+00   0.0000000e+00
   1.5792345e+00   0.0000000e+00   0.0000000e+00
   1.5837278e+00   0.0000000e+00   0.0000000e+00
   1.5882364e+00   0.0000000e+00   0.0000000e+00
   1.5927603e+00   0.0000000e+00   0.0000000e+00
   1.5972997e+00   0.0000000e+00   0.0000000e+00
   1.6018548e+00   0.0000000e+00   0.0000000e+00
   1.6064256e+00   0.0000000e+00   0.0000000e+00
   1.6110123e+00   0.0000000e+00   0.0000000e+00
   1.6156151e+00   0.0000000e+00   0.0000000e+00
   1.6202341e+00   0.0000000e+00   0.0000000e+00
   1.6248694e+00   0.0000000e+00   0.0000000e+00
   1.6295211e+00   0.0000000e+00   0.0000000e+00
   1.6341895e+00   0.0000000e+00   0.0000000e+00
   1.6388747e+00   0.0000000e+00   0.0000000e+00
   1.6435768e+00   0.0000000e+00   0.0000000e+00
   1.6482960e+00   0.0000000e+00   0.0000000e+00
   1.6530324e+00   0.0000000e+00   0.0000000e+00
   1.6577862e+00   0.0000000e+00   0.0000000e+00
   1.6625576e+00   0.0000000e+00   0.0000000e+00
   1.6673467e+00   0.0000000e+00   0.0000000e+00
   1.6721537e+00   0.0000000e+00   0.0000000e+00
   1.6769787e+00   0.0000000e+00   0.0000000e+00
   1.6818221e+00   0.0000000e+00   0.0000000e+00
   1.6866838e+00   0.0000000e+00   0.0000000e+00
   1.6915641e+00   0.0000000e+00   0.0000000e+00
   1.6964632e+00   0.0000000e+00   0.0000000e+00
   1.7013813e+00   0.0000000e+00   0.0000000e+00
   1.7063186e+00   0.0000000e+00   0.0000000e+00
   1.7112751e+00   0.0000000e+00   0.0000000e+00
   1.7162513e+00   0.0000000e+00   0.0000000e+00
   1.7212472e+00   0.0000000e+00   0.0000000e+00
   1.7262630e+00   0.0000000e+00   0.0000000e+00
   1.7312989e+00   0.0000000e+00   0.0000000e+00
   1.7363553e+00   0.0000000e+00   0.0000000e+00
   1.7414322e+00   0.0000000e+00   0.0000000e+00
   1.7465299e+00   0.0000000e+00   0.0000000e+00
   1.7516486e+00   0.0000000e+00   0.0000000e+00
   1.7567885e+00   0.0000000e+00   0.0000000e+00
   1.7619499e+00   0.0000000e+00   0.0000000e+00
   1.7671329e+00   0.0000000e+00   0.0000000e+00
   1.7723379e+00   0.0000000e+00   0.0000000e+00
   1.7775651e+00   0.0000000e+00   0.0000000e+00
   1.7828147e+00   0.0000000e+00   0.0000000e+00
   1.7880872e+00   0.0000000e+00   0.0000000e+00
   1.7933823e+00   0.0000000e+00   0.0000000e+00
   1.7987006e+00   0.0000000e+00   0.0000000e+00
   1.8040424e+00   0.0000000e+00   0.0000000e+00
   1.8094078e+00   0.0000000e+00   0.0000000e+00
   1.8147972e+00   0.0000000e+00   0.0000000e+00
   1.8202108e+00   0.0000000e+00   0.0000000e+00
   1.8256490e+00   0.0000000e+00   0.0000000e+00
   1.8311119e+00   0.0000000e+00   0.0000000e+00
   1.8365999e+00   0.0000000e+00   0.0000000e+00
   1.8421133e+00   0.0000000e+00   0.0000000e+00
   1.8476524e+00   3.6022531e-06   6.6557385e-06
   1.8532175e+00   1.9719542e-05   3.6544748e-05
   1.8588089e+00   8.5642735e-05   1.5919413e-04
   1.8644268e+00   3.1963334e-04   5.9593547e-04
   1.8700718e+00   1.0444370e-03   1.9531803e-03
   1.8757439e+00   3.0021208e-03   5.6312341e-03
   1.8814437e+00   7.5869667e-03   1.4274513e-02
   1.8871714e+00   1.6900466e-02   3.1894218e-02
   1.8929274e+00   3.3237385e-02   6.2916240e-02
   1.8987121e+00   5.7829460e-02   1.0980199e-01
   1.9045257e+00   8.9187360e-02   1.6986039e-01
   1.9103686e+00   1.2216807e-01   2.3338713e-01
   1.9162413e+00   1.4894325e-01   2.8541255e-01
   1.9221441e+00   1.6195899e-01   3.1131000e-01
   1.9280774e+00   1.5741525e-01   3.0351026e-01
   1.9340416e+00   1.3705802e-01   2.6507721e-01
   1.9400370e+00   1.0713850e-01   2.0785369e-01
   1.9460642e+00   7.5362699e-02   1.4666139e-01
   1.9521234e+00   4.7813479e-02   9.3338286e-02
   1.9582151e+00   2.7423716e-02   5.3701813e-02
   1.9643398e+00   1.4254119e-02   2.8000080e-02
   1.9704979e+00   6.8129669e-03   1.3425008e-02
   1.9766898e+00   3.0664938e-03   6.0615397e-03
   1.9829160e+00   1.2556941e-03   2.4899495e-03
   1.9891769e+00   4.6985463e-04   9.3462914e-04
   1.9954731e+00   1.5996221e-04   3.1920208e-04
   2.0018049e+00   5.0394274e-05   1.0088008e-04
   2.0081729e+00   1.4092541e-05   2.8300423e-05
   2.0145776e+00   3.1136704e-06   6.2727673e-06
   2.0210195e+00   1.5478130e-06   3.1281788e-06
   2.0274991e+00   0.0000000e+00   0.0000000e+00
   2.0340169e+00   0.0000000e+00   0.0000000e+00
   2.0405734e+00   0.0000000e+00   0.0000000e+00
   2.0471693e+00   0.0000000e+00   0.0000000e+00
   2.0538050e+00   0.0000000e+00   0.0000000e+00
   2.0604812e+00   0.0000000e+00   0.0000000e+00
   2.0671983e+00   0.0000000e+00   0.0000000e+00
   2.0739571e+00   0.0000000e+00   0.0000000e+00
   2.0807580e+00   0.0000000e+00   0.0000000e+00
   2.0876018e+00   0.0000000e+00   0.0000000e+00
   2.0944889e+00   0.0000000e+00   0.0000000e+00
   2.1014201e+00   0.0000000e+00   0.0000000e+00
   2.1083961e+00   0.0000000e+00   0.0000000e+00
   2.1154173e+00   0.0000000e+00   0.0000000e+00
   2.1224846e+00   0.0000000e+00   0.0000000e+00
   2.1295987e+00   0.0000000e+00   0.0000000e+00
   2.1367601e+00   0.0000000e+00   0.0000000e+00
   2.1439702e+00   0.0000000e+00   0.0000000e+00
   2.1512286e+00   0.0000000e+00   0.0000000e+00
   2.1585366e+00   0.0000000e+00   0.0000000e+00
   2.1658950e+00   0.0000000e+00   0.0000000e+00
   2.1733045e+00   0.0000000e+00   0.0000000e+00
   2.1807659e+00   0.0000000e+00   0.0000000e+00
   2.1882799e+00   0.0000000e+00   0.0000000e+00
   2.1958475e+00   0.0000000e+00   0.0000000e+00
   2.2034694e+00   0.0000000e+00   0.0000000e+00
   2.2111464e+00   0.0000000e+00   0.0000000e+00
   2.2188795e+00   0.0000000e+00   0.0000000e+00
   2.2266695e+00   0.0000000e+00   0.0000000e+00
   2.2345173e+00   0.0000000e+00   0.0000000e+00
   2.2424238e+00   0.0000000e+00   0.0000000e+00
   2.2503899e+00   0.0000000e+00   0.0000000e+00
   2.2584167e+00   0.0000000e+00   0.0000000e+00
   2.2665050e+00   0.0000000e+00   0.0000000e+00
   2.2746558e+00   0.0000000e+00   0.0000000e+00
   2.2828702e+00   0.0000000e+00   0.0000000e+00
   2.2911492e+00   0.0000000e+00   0.0000000e+00
   2.2994938e+00   0.0000000e+00   0.0000000e+00
   2.3079051e+00   0.0000000e+00   0.0000000e+00
   2.3163842e+00   0.0000000e+00   0.0000000e+00
   2.3249321e+00   0.0000000e+00   0.0000000e+00
   2.3335501e+00   0.0000000e+00   0.0000000e+00
   2.3422392e+00   0.0000000e+00   0.0000000e+00
   2.3510007e+00   0.0000000e+00   0.0000000e+00
   2.3598357e+00   0.0000000e+00   0.0000000e+00
   2.3687455e+00   0.0000000e+00   0.0000000e+00
   2.3777312e+00   0.0000000e+00   0.0000000e+00
   2.3867943e+00   0.0000000e+00   0.0000000e+00
   2.3959359e+00   0.0000000e+00   0.0000000e+00
   2.4051574e+00   0.0000000e+00   0.0000000e+00
   2.4144602e+00   0.0000000e+00   0.0000000e+00
   2.4238455e+00   0.0000000e+00   0.0000000e+00
   2.4333156e+00   0.0000000e+00   0.0000000e+00
   2.4428705e+00   0.0000000e+00   0.0000000e+00
   2.4525124e+00   0.0000000e+00   0.0000000e+00
   2.4622426e+00   0.0000000e+00   0.0000000e+00
   2.4720628e+00   0.0000000e+00   0.0000000e+00
   2.4819744e+00   0.0000000e+00   0.0000000e+00
   2.4919791e+00   0.0000000e+00   0.0000000e+00
   2.5020784e+00   0.0000000e+00   0.0000000e+00
   2.5122740e+00   0.0000000e+00   0.0000000e+00
   2.5225676e+00   0.0000000e+00   0.0000000e+00
   2.5329609e+00   0.0000000e+00   0.0000000e+00
   2.5434556e+00   0.0000000e+00   0.0000000e+00
   2.5540535e+00   0.0000000e+00   0.0000000e+00
   2.5647564e+00   0.0000000e+00   0.0000000e+00
   2.5755662e+00   0.0000000e+00   0.0000000e+00
   2.5864847e+00   0.0000000e+00   0.0000000e+00
   2.5975139e+00   0.0000000e+00   0.0000000e+00
   2.6086558e+00   0.0000000e+00   0.0000000e+00
   2.6199123e+00   0.0000000e+00   0.0000000e+00
   2.6312855e+00   0.0000000e+00   0.0000000e+00
   2.6427774e+00   0.0000000e+00   0.0000000e+00
   2.6543902e+00   0.0000000e+00   0.0000000e+00
   2.6661262e+00   0.0000000e+00   0.0000000e+00
   2.6779873e+00   0.0000000e+00   0.0000000e+00
   2.6899770e+00   0.0000000e+00   0.0000000e+00
   2.7020957e+00   0.0000000e+00   0.0000000e+00
   2.7143467e+00   0.0000000e+00   0.0000000e+00
   2.7267322e+00   0.0000000e+00   0.0000000e+00
   2.7392548e+00   0.0000000e+00   0.0000000e+00
   2.7519170e+00   0.0000000e+00   0.0000000e+00
   2.7647213e+00   0.0000000e+00   0.0000000e+00
   2.7776703e+00   0.0000000e+00   0.0000000e+00
   2.7907667e+00   0.0000000e+00   0.0000000e+00
   2.8040133e+00   0.0000000e+00   0.0000000e+00
   2.8174127e+00   0.0000000e+00   0.0000000e+00
   2.8309678e+00   0.0000000e+00   0.0000000e+00
   2.8446816e+00   0.0000000e+00   0.0000000e+00
   2.8585569e+00   0.0000000e+00   0.0000000e+00
   2.8725968e+00   0.0000000e+00   0.0000000e+00
   2.8868043e+00   0.0000000e+00   0.0000000e+00
   2.9011827e+00   0.0000000e+00   0.0000000e+00
   2.9157351e+00   0.0000000e+00   0.0000000e+00
   2.9304648e+00   0.0000000e+00   0.0000000e+00
   2.9453752e+00   0.0000000e+00   0.0000000e+00
   2.9604697e+00   0.0000000e+00   0.0000000e+00
   2.9757518e+00   0.0000000e+00   0.0000000e+00
   2.9912251e+00   0.0000000e+00   0.0000000e+00
   3.0068932e+00   0.0000000e+00   0.0000000e+00
   3.0227600e+00   0.0000000e+00   0.0000000e+00
   3.0388292e+00   0.0000000e+00   0.0000000e+00
   3.0551047e+00   0.0000000e+00   0.0000000e+00
   3.0715920e+00   0.0000000e+00   0.0000000e+00
   3.0882926e+00   0.0000000e+00   0.0000000e+00
   3.1052119e+00   0.0000000e+00   0.0000000e+00
   3.1223542e+00   0.0000000e+00   0.0000000e+00
   3.1397239e+00   0.0000000e+00   0.0000000e+00
   3.1573255e+00   0.0000000e+00   0.0000000e+00
   3.1751636e+00   0.0000000e+00   0.0000000e+00
   3.1932429e+00   0.0000000e+00   0.0000000e+00
   3.2115683e+00   0.0000000e+00   0.0000000e+00
   3.2301463e+00   0.0000000e+00   0.0000000e+00
   3.2489792e+00   0.0000000e+00   0.0000000e+00
   3.2680749e+00   0.0000000e+00   0.0000000e+00
   3.2874361e+00   0.0000000e+00   0.0000000e+00
   3.3070695e+00   0.0000000e+00   0.0000000e+00
   3.3269807e+00   0.0000000e+00   0.0000000e+00
   3.3471755e+00   0.0000000e+00   0.0000000e+00
   3.3676599e+00   0.0000000e+00   0.0000000e+00
   3.3884398e+00   0.0000000e+00   0.0000000e+00
   3.4095216e+00   0.0000000e+00   0.0000000e+00
   3.4309115e+00   0.0000000e+00   0.0000000e+00
   3.4526163e+00   0.0000000e+00   0.0000000e+00
   3.4746426e+00   0.0000000e+00   0.0000000e+00
   3.4969973e+00   0.0000000e+00   0.0000000e+00
   3.5196877e+00   0.0000000e+00   0.0000000e+00
   3.5427209e+00   0.0000000e+00   0.0000000e+00
   3.5661046e+00   0.0000000e+00   0.0000000e+00
   3.5898464e+00   0.0000000e+00   0.0000000e+00
   3.6139542e+00   0.0000000e+00   0.0000000e+00
   3.6384364e+00   0.0000000e+00   0.0000000e+00
   3.6633012e+00   0.0000000e+00   0.0000000e+00
   3.6885595e+00   0.0000000e+00   0.0000000e+00
   3.7142164e+00   0.0000000e+00   0.0000000e+00
   3.7402827e+00   0.0000000e+00   0.0000000e+00
   3.7667702e+00   0.0000000e+00   0.0000000e+00
   3.7936847e+00   0.0000000e+00   0.0000000e+00
   3.8210379e+00   0.0000000e+00   0.0000000e+00
   3.8488402e+00   0.0000000e+00   0.0000000e+00
   3.8771047e+00   0.0000000e+00   0.0000000e+00
   3.9058382e+00   0.0000000e+00   0.0000000e+00
   3.9350539e+00   0.0000000e+00   0.0000000e+00
   3.9647636e+00   0.0000000e+00   0.0000000e+00
   3.9949793e+00   0.0000000e+00   0.0000000e+00
   4.0257135e+00   0.0000000e+00   0.0000000e+00
   4.0569791e+00   0.0000000e+00   0.0000000e+00
   4.0887894e+00   0.0000000e+00   0.0000000e+00
   4.1211581e+00   0.0000000e+00   0.0000000e+00
   4.1540994e+00   0.0000000e+00   0.0000000e+00
   4.1876280e+00   0.0000000e+00   0.0000000e+00
   4.2217590e+00   0.0000000e+00   0.0000000e+00
   4.2565081e+00   0.0000000e+00   0.0000000e+00
   4.2918973e+00   0.0000000e+00   0.0000000e+00
   4.3279332e+00   0.0000000e+00   0.0000000e+00
   4.3646378e+00   0.0000000e+00   0.0000000e+00
   4.4020292e+00   0.0000000e+00   0.0000000e+00
   4.4401259e+00   0.0000000e+00   0.0000000e+00
   4.4789474e+00   0.0000000e+00   0.0000000e+00
   4.5185135e+00   0.0000000e+00   0.0000000e+00
   4.5588485e+00   0.0000000e+00   0.0000000e+00
   4.5999680e+00   0.0000000e+00   0.0000000e+00
   4.6418969e+00   0.0000000e+00   0.0000000e+00
   4.6846585e+00   0.0000000e+00   0.0000000e+00
   4.7282768e+00   0.0000000e+00   0.0000000e+00
   4.7727805e+00   0.0000000e+00   0.0000000e+00
   4.8181925e+00   0.0000000e+00   0.0000000e+00
   4.8645368e+00   0.0000000e+00   0.0000000e+00
   4.9118485e+00   0.0000000e+00   0.0000000e+00
   4.9601492e+00   0.0000000e+00   0.0000000e+00
   5.0094729e+00   0.0000000e+00   0.0000000e+00
   5.0598511e+00   0.0000000e+00   0.0000000e+00
   5.1113168e+00   0.0000000e+00   0.0000000e+00
   5.1639042e+00   0.0000000e+00   0.0000000e+00
   5.2176536e+00   0.0000000e+00   0.0000000e+00
   5.2725947e+00   0.0000000e+00   0.0000000e+00
   5.3287735e+00   0.0000000e+00   0.0000000e+00
   5.3862294e+00   0.0000000e+00   0.0000000e+00
   5.4449989e+00   0.0000000e+00   0.0000000e+00
   5.5051356e+00   0.0000000e+00   0.0000000e+00
   5.5666769e+00   0.0000000e+00   0.0000000e+00
   5.6296753e+00   0.0000000e+00   0.0000000e+00
   5.6941813e+00   0.0000000e+00   0.0000000e+00
   5.7602481e+00   0.0000000e+00   0.0000000e+00
   5.8279359e+00   0.0000000e+00   0.0000000e+00
   5.8973006e+00   0.0000000e+00   0.0000000e+00
   5.9683974e+00   1.3888481e-07   8.2900528e-07
   6.0413048e+00   2.7086385e-07   1.6365417e-06
   6.1160731e+00   6.6017270e-07   4.0380982e-06
   6.1927803e+00   1.5440728e-06   9.5631600e-06
   6.2715062e+00   3.8861877e-06   2.4374993e-05
   6.3523197e+00   8.7908131e-06   5.5848545e-05
   6.4353136e+00   1.9732440e-05   1.2699954e-04
   6.5205706e+00   4.2228997e-05   2.7539071e-04
   6.6081806e+00   8.7352626e-05   5.7731420e-04
   6.6982413e+00   1.7386687e-04   1.1647515e-03
   6.7908491e+00   3.3329560e-04   2.2636600e-03
   6.8861225e+00   6.1545094e-04   4.2386461e-03
   6.9841707e+00   1.0947291e-03   7.6468419e-03
   7.0851124e+00   1.8756951e-03   1.3291419e-02
   7.1890761e+00   3.0958255e-03   2.2259403e-02
   7.2961902e+00   4.9223830e-03   3.5920116e-02
   7.4066090e+00   7.5403672e-03   5.5857326e-02
   7.5204870e+00   1.1130791e-02   8.3722409e-02
   7.6379654e+00   1.5834177e-02   1.2096112e-01
   7.7592414e+00   2.1710169e-02   1.6848329e-01
   7.8844803e+00   2.8696443e-02   2.2629669e-01
   8.0138876e+00   3.6574186e-02   2.9315474e-01
   8.1476511e+00   4.4953699e-02   3.6633648e-01
   8.2860178e+00   5.3293206e-02   4.4167479e-01
   8.4292187e+00   6.0961187e-02   5.1395865e-01
   8.5774937e+00   6.7296753e-02   5.7735796e-01
   8.7311201e+00   7.1706995e-02   6.2621820e-01
   8.8904030e+00   7.3772883e-02   6.5601749e-01
   9.0556404e+00   7.3307860e-02   6.6400319e-01
   9.2271540e+00   7.0368616e-02   6.4945895e-01
   9.4053352e+00   6.5263907e-02   6.1398316e-01
   9.5905828e+00   5.8511418e-02   5.6130370e-01
   9.7832713e+00   5.0718175e-02   4.9632394e-01
   9.9838891e+00   4.2510177e-02   4.2453653e-01
   1.0192937e+01   3.4467263e-02   3.5142511e-01
   1.0410912e+01   2.7036187e-02   2.8155777e-01
   1.0638456e+01   2.0522333e-02   2.1839510e-01
   1.0876130e+01   1.5076603e-02   1.6402988e-01
   1.1124694e+01   1.0719894e-02   1.1929698e-01
   1.1384866e+01   7.3786477e-03   8.4035384e-02
   1.1657450e+01   4.9155303e-03   5.7324438e-02
   1.1943398e+01   3.1687252e-03   3.7860480e-02
   1.2243692e+01   1.9761594e-03   2.4205627e-02
   1.2559411e+01   1.1915195e-03   1.4971389e-02
   1.2891789e+01   6.9427562e-04   8.9546119e-03
   1.3242166e+01   4.3442538e-04   5.7555430e-03
   1.3612005e+01   2.6528067e-04   3.6128710e-03
   1.4003020e+01   1.5815135e-04   2.2158073e-03
   1.4417056e+01   9.2127940e-05   1.3289821e-03
   1.4856182e+01   5.2472302e-05   7.8001489e-04
   1.5322677e+01   2.9218065e-05   4.4799159e-04
   1.5819285e+01   1.5921807e-05   2.5204643e-04
   1.6348942e+01   8.4870873e-06   1.3885775e-04
   1.6915067e+01   4.4346687e-06   7.5072130e-05
   1.7521522e+01   2.2740467e-06   3.9878560e-05
   1.8172737e+01   1.1387719e-06   2.0713477e-05
   1.8873856e+01   5.6235546e-07   1.0624264e-05
   1.9630889e+01   2.6634946e-07   5.2342331e-06
   2.0450731e+01   1.2860910e-07   2.6331794e-06
   2.1341499e+01   6.4446324e-08   1.3771032e-06
   2.2312746e+01   2.9491086e-08   6.5892876e-07
   2.3376012e+01   8.9600242e-09   2.0976386e-07
   2.4544883e+01   8.1298483e-09   1.9987669e-07
   2.5836083e+01   0.0000000e+00   0.0000000e+00
   2.7269678e+01   0.0000000e+00   0.0000000e+00
   2.8870965e+01   0.0000000e+00   0.0000000e+00
   3.0671209e+01   0.0000000e+00   0.0000000e+00
   3.2709960e+01   0.0000000e+00   0.0000000e+00
   3.5038176e+01   0.0000000e+00   0.0000000e+00
   3.7721949e+01   0.0000000e+00   0.0000000e+00
   4.0848391e+01   0.0000000e+00   0.0000000e+00
   4.4535737e+01   0.0000000e+00   0.0000000e+00
   4.8947315e+01   0.0000000e+00   0.0000000e+00
   5.4318001e+01   0.0000000e+00   0.0000000e+00
   6.0999849e+01   0.0000000e+00   0.0000000e+00
   6.9544854e+01   0.0000000e+00   0.0000000e+00
   8.0860321e+01   0.0000000e+00   0.0000000e+00
   9.6536561e+01   0.0000000e+00   0.0000000e+00
   1.1968256e+02   0.0000000e+00   0.0000000e+00
   1.5743708e+02   0.0000000e+00   0.0000000e+00
