   1.3609632e-01   1.9114142e+00   2.6188391e-01
   1.3792886e-01   1.7136296e+00   2.3633958e-01
   1.3975493e-01   1.5304255e+00   2.1386765e-01
   1.4157482e-01   1.3589836e+00   1.9238326e-01
   1.4338877e-01   1.1997798e+00   1.7202239e-01
   1.4519705e-01   1.0530616e+00   1.5289069e-01
   1.4699989e-01   9.1885261e-01   1.3506209e-01
   1.4879754e-01   7.9700915e-01   1.1858526e-01
   1.5059019e-01   6.8719283e-01   1.0347799e-01
   1.5237808e-01   5.8895734e-01   8.9738730e-02
   1.5416138e-01   5.0171382e-01   7.7340355e-02
   1.5594031e-01   4.2479129e-01   6.6238326e-02
   1.5771504e-01   3.5746203e-01   5.6374044e-02
   1.5948575e-01   2.9895686e-01   4.7676826e-02
   1.6125260e-01   2.4847956e-01   4.0065918e-02
   1.6301577e-01   2.0523906e-01   3.3455541e-02
   1.6477542e-01   1.6846840e-01   2.7758114e-02
   1.6653169e-01   1.3742344e-01   2.2884288e-02
   1.6828472e-01   1.1139091e-01   1.8744539e-02
   1.7003466e-01   8.9718572e-02   1.5254597e-02
   1.7178166e-01   7.1804284e-02   1.2334133e-02
   1.7352582e-01   5.7108753e-02   9.9094329e-03
   1.7526729e-01   4.5127588e-02   7.9090719e-03
   1.7700618e-01   3.5432751e-02   6.2715706e-03
   1.7874260e-01   2.7644353e-02   4.9410360e-03
   1.8047669e-01   2.1425671e-02   3.8666912e-03
   1.8220854e-01   1.6501181e-02   3.0065480e-03
   1.8393826e-01   1.2627937e-02   2.3226795e-03
   1.8566595e-01   9.6019583e-03   1.7826961e-03
   1.8739172e-01   7.2527858e-03   1.3590670e-03
   1.8911566e-01   5.4437663e-03   1.0294682e-03
   1.9083786e-01   4.0606918e-03   7.7490939e-04
   1.9255842e-01   3.0061936e-03   5.7885017e-04
   1.9427743e-01   2.2115262e-03   4.2963679e-04
   1.9599496e-01   1.6192523e-03   3.1735606e-04
   1.9771111e-01   1.1775021e-03   2.3279865e-04
   1.9942596e-01   8.4585995e-04   1.6868176e-04
   2.0113957e-01   6.0710724e-04   1.2210999e-04
   2.0285204e-01   4.3226106e-04   8.7682723e-05
   2.0456343e-01   3.0393542e-04   6.2172471e-05
   2.0627382e-01   2.1638421e-04   4.4633274e-05
   2.0798327e-01   1.5213369e-04   3.1640485e-05
   2.0969186e-01   1.0537453e-04   2.2095651e-05
   2.1139966e-01   7.0281076e-05   1.4857047e-05
   2.1310672e-01   4.6873291e-05   9.9887843e-06
   2.1481312e-01   3.5168101e-05   7.5544000e-06
   2.1651891e-01   2.3453290e-05   5.0779694e-06
   2.1822415e-01   1.7595306e-05   3.8396384e-06
   2.1992891e-01   1.1733354e-05   2.5804495e-06
   2.2163324e-01   5.8680526e-06   1.3005288e-06
   2.2333719e-01   5.8692404e-06   1.3107933e-06
   2.2504083e-01   5.8702399e-06   1.3210177e-06
   2.2674421e-01   0.0000000e+00   0.0000000e+00
   2.2844738e-01   0.0000000e+00   0.0000000e+00
   2.3015038e-01   0.0000000e+00   0.0000000e+00
   2.3185328e-01   0.0000000e+00   0.0000000e+00
   2.3355611e-01   0.0000000e+00   0.0000000e+00
   2.3525894e-01   0.0000000e+00   0.0000000e+00
   2.3696180e-01   0.0000000e+00   0.0000000e+00
   2.3866474e-01   0.0000000e+00   0.0000000e+00
   2.4036781e-01   0.0000000e+00   0.0000000e+00
   2.4207105e-01   0.0000000e+00   0.0000000e+00
   2.4377450e-01   0.0000000e+00   0.0000000e+00
   2.4547821e-01   0.0000000e+00   0.0000000e+00
   2.4718222e-01   0.0000000e+00   0.0000000e+00
   2.4888656e-01   0.0000000e+00   0.0000000e+00
   2.5059129e-01   0.0000000e+00   0.0000000e+00
   2.5229643e-01   0.0000000e+00   0.0000000e+00
   2.5400203e-01   0.0000000e+00   0.0000000e+00
   2.5570813e-01   0.0000000e+00   0.0000000e+00
   2.5741476e-01   0.0000000e+00   0.0000000e+00
   2.5912196e-01   0.0000000e+00   0.0000000e+00
   2.6082976e-01   0.0000000e+00   0.0000000e+00
   2.6253820e-01   0.0000000e+00   0.0000000e+00
   2.6424732e-01   0.0000000e+00   0.0000000e+00
   2.6595715e-01   0.0000000e+00   0.0000000e+00
   2.6766772e-01   0.0000000e+00   0.0000000e+00
   2.6937907e-01   0.0000000e+00   0.0000000e+00
   2.7109122e-01   0.0000000e+00   0.0000000e+00
   2.7280421e-01   0.0000000e+00   0.0000000e+00
   2.7451807e-01   0.0000000e+00   0.0000000e+00
   2.7623284e-01   0.0000000e+00   0.0000000e+00
   2.7794854e-01   0.0000000e+00   0.0000000e+00
   2.7966520e-01   0.0000000e+00   0.0000000e+00
   2.8138285e-01   0.0000000e+00   0.0000000e+00
   2.8310152e-01   0.0000000e+00   0.0000000e+00
   2.8482125e-01   0.0000000e+00   0.0000000e+00
   2.8654205e-01   0.0000000e+00   0.0000000e+00
   2.8826395e-01   0.0000000e+00   0.0000000e+00
   2.8998699e-01   0.0000000e+00   0.0000000e+00
   2.9171119e-01   0.0000000e+00   0.0000000e+00
   2.9343658e-01   0.0000000e+00   0.0000000e+00
   2.9516318e-01   0.0000000e+00   0.0000000e+00
   2.9689102e-01   0.0000000e+00   0.0000000e+00
   2.9862012e-01   0.0000000e+00   0.0000000e+00
   3.0035052e-01   0.0000000e+00   0.0000000e+00
   3.0208223e-01   0.0000000e+00   0.0000000e+00
   3.0381528e-01   0.0000000e+00   0.0000000e+00
   3.0554969e-01   0.0000000e+00   0.0000000e+00
   3.0728549e-01   0.0000000e+00   0.0000000e+00
   3.0902270e-01   0.0000000e+00   0.0000000e+00
   3.1076135e-01   0.0000000e+00   0.0000000e+00
   3.1250145e-01   0.0000000e+00   0.0000000e+00
   3.1424304e-01   0.0000000e+00   0.0000000e+00
   3.1598613e-01   0.0000000e+00   0.0000000e+00
   3.1773075e-01   0.0000000e+00   0.0000000e+00
   3.1947692e-01   0.0000000e+00   0.0000000e+00
   3.2122465e-01   0.0000000e+00   0.0000000e+00
   3.2297398e-01   0.0000000e+00   0.0000000e+00
   3.2472492e-01   0.0000000e+00   0.0000000e+00
   3.2647750e-01   0.0000000e+00   0.0000000e+00
   3.2823173e-01   0.0000000e+00   0.0000000e+00
   3.2998764e-01   0.0000000e+00   0.0000000e+00
   3.3174525e-01   0.0000000e+00   0.0000000e+00
   3.3350457e-01   0.0000000e+00   0.0000000e+00
   3.3526563e-01   0.0000000e+00   0.0000000e+00
   3.3702845e-01   0.0000000e+00   0.0000000e+00
   3.3879304e-01   0.0000000e+00   0.0000000e+00
   3.4055943e-01   0.0000000e+00   0.0000000e+00
   3.4232764e-01   0.0000000e+00   0.0000000e+00
   3.4409769e-01   0.0000000e+00   0.0000000e+00
   3.4586958e-01   0.0000000e+00   0.0000000e+00
   3.4764336e-01   0.0000000e+00   0.0000000e+00
   3.4941902e-01   0.0000000e+00   0.0000000e+00
   3.5119659e-01   0.0000000e+00   0.0000000e+00
   3.5297610e-01   0.0000000e+00   0.0000000e+00
   3.5475754e-01   0.0000000e+00   0.0000000e+00
   3.5654096e-01   0.0000000e+00   0.0000000e+00
   3.5832636e-01   0.0000000e+00   0.0000000e+00
   3.6011376e-01   0.0000000e+00   0.0000000e+00
   3.6190318e-01   0.0000000e+00   0.0000000e+00
   3.6369463e-01   0.0000000e+00   0.0000000e+00
   3.6548814e-01   0.0000000e+00   0.0000000e+00
   3.6728372e-01   0.0000000e+00   0.0000000e+00
   3.6908139e-01   0.0000000e+00   0.0000000e+00
   3.7088116e-01   0.0000000e+00   0.0000000e+00
   3.7268306e-01   0.0000000e+00   0.0000000e+00
   3.7448709e-01   0.0000000e+00   0.0000000e+00
   3.7629328e-01   0.0000000e+00   0.0000000e+00
   3.7810164e-01   0.0000000e+00   0.0000000e+00
   3.7991219e-01   0.0000000e+00   0.0000000e+00
   3.8172495e-01   0.0000000e+00   0.0000000e+00
   3.8353992e-01   0.0000000e+00   0.0000000e+00
   3.8535714e-01   0.0000000e+00   0.0000000e+00
   3.8717660e-01   0.0000000e+00   0.0000000e+00
   3.8899834e-01   0.0000000e+00   0.0000000e+00
   3.9082236e-01   0.0000000e+00   0.0000000e+00
   3.9264868e-01   0.0000000e+00   0.0000000e+00
   3.9447732e-01   0.0000000e+00   0.0000000e+00
   3.9630829e-01   0.0000000e+00   0.0000000e+00
   3.9814161e-01   0.0000000e+00   0.0000000e+00
   3.9997730e-01   0.0000000e+00   0.0000000e+00
   4.0181536e-01   0.0000000e+00   0.0000000e+00
   4.0365581e-01   0.0000000e+00   0.0000000e+00
   4.0549868e-01   0.0000000e+00   0.0000000e+00
   4.0734396e-01   0.0000000e+00   0.0000000e+00
   4.0919169e-01   0.0000000e+00   0.0000000e+00
   4.1104187e-01   0.0000000e+00   0.0000000e+00
   4.1289452e-01   0.0000000e+00   0.0000000e+00
   4.1474966e-01   0.0000000e+00   0.0000000e+00
   4.1660729e-01   0.0000000e+00   0.0000000e+00
   4.1846743e-01   0.0000000e+00   0.0000000e+00
   4.2033011e-01   0.0000000e+00   0.0000000e+00
   4.2219532e-01   0.0000000e+00   0.0000000e+00
   4.2406310e-01   0.0000000e+00   0.0000000e+00
   4.2593344e-01   0.0000000e+00   0.0000000e+00
   4.2780637e-01   0.0000000e+00   0.0000000e+00
   4.2968190e-01   0.0000000e+00   0.0000000e+00
   4.3156005e-01   0.0000000e+00   0.0000000e+00
   4.3344082e-01   0.0000000e+00   0.0000000e+00
   4.3532424e-01   0.0000000e+00   0.0000000e+00
   4.3721031e-01   0.0000000e+00   0.0000000e+00
   4.3909906e-01   0.0000000e+00   0.0000000e+00
   4.4099049e-01   0.0000000e+00   0.0000000e+00
   4.4288462e-01   0.0000000e+00   0.0000000e+00
   4.4478146e-01   0.0000000e+00   0.0000000e+00
   4.4668103e-01   0.0000000e+00   0.0000000e+00
   4.4858334e-01   0.0000000e+00   0.0000000e+00
   4.5048840e-01   0.0000000e+00   0.0000000e+00
   4.5239624e-01   0.0000000e+00   0.0000000e+00
   4.5430685e-01   0.0000000e+00   0.0000000e+00
   4.5622027e-01   0.0000000e+00   0.0000000e+00
   4.5813649e-01   0.0000000e+00   0.0000000e+00
   4.6005553e-01   0.0000000e+00   0.0000000e+00
   4.6197742e-01   0.0000000e+00   0.0000000e+00
   4.6390215e-01   0.0000000e+00   0.0000000e+00
   4.6582974e-01   0.0000000e+00   0.0000000e+00
   4.6776022e-01   0.0000000e+00   0.0000000e+00
   4.6969358e-01   0.0000000e+00   0.0000000e+00
   4.7162985e-01   0.0000000e+00   0.0000000e+00
   4.7356904e-01   0.0000000e+00   0.0000000e+00
   4.7551116e-01   0.0000000e+00   0.0000000e+00
   4.7745623e-01   0.0000000e+00   0.0000000e+00
   4.7940425e-01   0.0000000e+00   0.0000000e+00
   4.8135524e-01   0.0000000e+00   0.0000000e+00
   4.8330922e-01   0.0000000e+00   0.0000000e+00
   4.8526620e-01   0.0000000e+00   0.0000000e+00
   4.8722619e-01   0.0000000e+00   0.0000000e+00
   4.8918920e-01   0.0000000e+00   0.0000000e+00
   4.9115525e-01   0.0000000e+00   0.0000000e+00
   4.9312435e-01   0.0000000e+00   0.0000000e+00
   4.9509652e-01   0.0000000e+00   0.0000000e+00
   4.9707176e-01   0.0000000e+00   0.0000000e+00
   4.9905010e-01   0.0000000e+00   0.0000000e+00
   5.0103154e-01   0.0000000e+00   0.0000000e+00
   5.0301609e-01   0.0000000e+00   0.0000000e+00
   5.0500378e-01   0.0000000e+00   0.0000000e+00
   5.0699461e-01   0.0000000e+00   0.0000000e+00
   5.0898859e-01   0.0000000e+00   0.0000000e+00
   5.1098575e-01   0.0000000e+00   0.0000000e+00
   5.1298609e-01   0.0000000e+00   0.0000000e+00
   5.1498962e-01   0.0000000e+00   0.0000000e+00
   5.1699636e-01   0.0000000e+00   0.0000000e+00
   5.1900633e-01   0.0000000e+00   0.0000000e+00
   5.2101953e-01   0.0000000e+00   0.0000000e+00
   5.2303598e-01   0.0000000e+00   0.0000000e+00
   5.2505568e-01   0.0000000e+00   0.0000000e+00
   5.2707867e-01   0.0000000e+00   0.0000000e+00
   5.2910494e-01   0.0000000e+00   0.0000000e+00
   5.3113451e-01   0.0000000e+00   0.0000000e+00
   5.3316739e-01   0.0000000e+00   0.0000000e+00
   5.3520360e-01   0.0000000e+00   0.0000000e+00
   5.3724315e-01   0.0000000e+00   0.0000000e+00
   5.3928605e-01   0.0000000e+00   0.0000000e+00
   5.4133232e-01   0.0000000e+00   0.0000000e+00
   5.4338196e-01   0.0000000e+00   0.0000000e+00
   5.4543500e-01   0.0000000e+00   0.0000000e+00
   5.4749144e-01   0.0000000e+00   0.0000000e+00
   5.4955130e-01   0.0000000e+00   0.0000000e+00
   5.5161459e-01   0.0000000e+00   0.0000000e+00
   5.5368132e-01   0.0000000e+00   0.0000000e+00
   5.5575151e-01   0.0000000e+00   0.0000000e+00
   5.5782517e-01   0.0000000e+00   0.0000000e+00
   5.5990231e-01   0.0000000e+00   0.0000000e+00
   5.6198295e-01   0.0000000e+00   0.0000000e+00
   5.6406710e-01   0.0000000e+00   0.0000000e+00
   5.6615477e-01   0.0000000e+00   0.0000000e+00
   5.6824598e-01   0.0000000e+00   0.0000000e+00
   5.7034073e-01   0.0000000e+00   0.0000000e+00
   5.7243905e-01   0.0000000e+00   0.0000000e+00
   5.7454094e-01   0.0000000e+00   0.0000000e+00
   5.7664642e-01   0.0000000e+00   0.0000000e+00
   5.7875550e-01   0.0000000e+00   0.0000000e+00
   5.8086819e-01   0.0000000e+00   0.0000000e+00
   5.8298452e-01   0.0000000e+00   0.0000000e+00
   5.8510448e-01   0.0000000e+00   0.0000000e+00
   5.8722810e-01   0.0000000e+00   0.0000000e+00
   5.8935538e-01   0.0000000e+00   0.0000000e+00
   5.9148634e-01   0.0000000e+00   0.0000000e+00
   5.9362100e-01   0.0000000e+00   0.0000000e+00
   5.9575937e-01   0.0000000e+00   0.0000000e+00
   5.9790145e-01   0.0000000e+00   0.0000000e+00
   6.0004727e-01   0.0000000e+00   0.0000000e+00
   6.0219684e-01   0.0000000e+00   0.0000000e+00
   6.0435016e-01   0.0000000e+00   0.0000000e+00
   6.0650726e-01   0.0000000e+00   0.0000000e+00
   6.0866815e-01   0.0000000e+00   0.0000000e+00
   6.1083283e-01   0.0000000e+00   0.0000000e+00
   6.1300134e-01   0.0000000e+00   0.0000000e+00
   6.1517367e-01   0.0000000e+00   0.0000000e+00
   6.1734983e-01   0.0000000e+00   0.0000000e+00
   6.1952986e-01   0.0000000e+00   0.0000000e+00
   6.2171375e-01   0.0000000e+00   0.0000000e+00
   6.2390152e-01   0.0000000e+00   0.0000000e+00
   6.2609319e-01   0.0000000e+00   0.0000000e+00
   6.2828877e-01   4.5505468e-06   2.8590547e-06
   6.3048827e-01   4.5424254e-06   2.8639432e-06
   6.3269170e-01   4.5343058e-06   2.8688150e-06
   6.3489908e-01   9.0523707e-06   5.7473366e-06
   6.3711043e-01   1.3554198e-05   8.6355134e-06
   6.3932576e-01   2.2549746e-05   1.4416621e-05
   6.4154507e-01   3.6014665e-05   2.3105011e-05
   6.4376839e-01   5.3924611e-05   3.4714930e-05
   6.4599573e-01   7.6255260e-05   4.9260530e-05
   6.4822710e-01   1.1193730e-04   7.2560730e-05
   6.5046252e-01   1.6536711e-04   1.0756502e-04
   6.5270199e-01   2.4090867e-04   1.5724144e-04
   6.5494554e-01   3.4734687e-04   2.2749311e-04
   6.5719318e-01   4.9340152e-04   3.2425986e-04
   6.5944492e-01   7.0547585e-04   4.6522211e-04
   6.6170078e-01   9.9206321e-04   6.5644850e-04
   6.6396076e-01   1.3925373e-03   9.2458942e-04
   6.6622489e-01   1.9371560e-03   1.2905806e-03
   6.6849318e-01   2.6691636e-03   1.7843164e-03
   6.7076564e-01   3.6534645e-03   2.4506167e-03
   6.7304229e-01   4.9500883e-03   3.3316164e-03
   6.7532314e-01   6.6536578e-03   4.4933660e-03
   6.7760820e-01   8.8624545e-03   6.0052678e-03
   6.7989749e-01   1.1695836e-02   7.9519640e-03
   6.8219102e-01   1.5289687e-02   1.0430480e-02
   6.8448882e-01   1.9783210e-02   1.3541377e-02
   6.8679089e-01   2.5349258e-02   1.7409628e-02
   6.8909724e-01   3.2146367e-02   2.2151959e-02
   6.9140789e-01   4.0336166e-02   2.7888727e-02
   6.9372286e-01   5.0074740e-02   3.4737972e-02
   6.9604216e-01   6.1482509e-02   4.2794394e-02
   6.9836581e-01   7.4644454e-02   5.2129105e-02
   7.0069382e-01   8.9593412e-02   6.2777514e-02
   7.0302620e-01   1.0628483e-01   7.4720982e-02
   7.0536297e-01   1.2460173e-01   8.7889400e-02
   7.0770414e-01   1.4431271e-01   1.0213065e-01
   7.1004973e-01   1.6509431e-01   1.1722511e-01
   7.1239976e-01   1.8651920e-01   1.3287616e-01
   7.1475424e-01   2.0805720e-01   1.4870969e-01
   7.1711318e-01   2.2910169e-01   1.6429176e-01
   7.1947659e-01   2.4897866e-01   1.7913423e-01
   7.2184451e-01   2.6700241e-01   1.9273413e-01
   7.2421693e-01   2.8248409e-01   2.0457966e-01
   7.2659387e-01   2.9480325e-01   2.1420214e-01
   7.2897535e-01   3.0341969e-01   2.2118538e-01
   7.3136139e-01   3.0793154e-01   2.2520914e-01
   7.3375200e-01   3.0810309e-01   2.2607116e-01
   7.3614719e-01   3.0387569e-01   2.2369715e-01
   7.3854699e-01   2.9538302e-01   2.1815415e-01
   7.4095140e-01   2.8294882e-01   2.0965124e-01
   7.4336044e-01   2.6704803e-01   1.9851286e-01
   7.4577412e-01   2.4830106e-01   1.8517644e-01
   7.4819247e-01   2.2741454e-01   1.7014978e-01
   7.5061550e-01   2.0514347e-01   1.5398381e-01
   7.5304323e-01   1.8223703e-01   1.3723231e-01
   7.5547566e-01   1.5940973e-01   1.2043013e-01
   7.5791282e-01   1.3729292e-01   1.0405603e-01
   7.6035471e-01   1.1641067e-01   8.8513372e-02
   7.6280137e-01   9.7164482e-02   7.4117177e-02
   7.6525280e-01   7.9830496e-02   6.1090493e-02
   7.6770902e-01   6.4556499e-02   4.9560593e-02
   7.7017004e-01   5.1379471e-02   3.9570918e-02
   7.7263589e-01   4.0242844e-02   3.1093057e-02
   7.7510657e-01   3.1017612e-02   2.4041949e-02
   7.7758211e-01   2.3527292e-02   1.8294397e-02
   7.8006252e-01   1.7560454e-02   1.3698249e-02
   7.8254781e-01   1.2899222e-02   1.0094256e-02
   7.8503801e-01   9.3233793e-03   7.3192055e-03
   7.8753313e-01   6.6304016e-03   5.2216598e-03
   7.9003319e-01   4.6393035e-03   3.6652030e-03
   7.9253819e-01   3.1944267e-03   2.5317047e-03
   7.9504817e-01   2.1651996e-03   1.7214377e-03
   7.9756313e-01   1.4419264e-03   1.1500271e-03
   8.0008310e-01   9.4748138e-04   7.5806370e-04
   8.0260809e-01   6.1325276e-04   4.9220154e-04
   8.0513811e-01   3.8696147e-04   3.1155738e-04
   8.0767319e-01   2.4432397e-04   1.9733389e-04
   8.1021334e-01   1.4944780e-04   1.2108458e-04
   8.1275858e-01   9.0274270e-05   7.3371178e-05
   8.1530892e-01   5.4839468e-05   4.4711102e-05
   8.1786439e-01   3.1273980e-05   2.5577872e-05
   8.2042500e-01   1.9506971e-05   1.6004005e-05
   8.2299076e-01   1.1680637e-05   9.6130553e-06
   8.2556170e-01   7.7714041e-06   6.4157730e-06
   8.2813784e-01   3.8778635e-06   3.2114052e-06
   8.3071918e-01   0.0000000e+00   0.0000000e+00
   8.3330576e-01   0.0000000e+00   0.0000000e+00
   8.3589758e-01   0.0000000e+00   0.0000000e+00
   8.3849466e-01   0.0000000e+00   0.0000000e+00
   8.4109702e-01   0.0000000e+00   0.0000000e+00
   8.4370469e-01   0.0000000e+00   0.0000000e+00
   8.4631767e-01   0.0000000e+00   0.0000000e+00
   8.4893599e-01   0.0000000e+00   0.0000000e+00
   8.5155967e-01   0.0000000e+00   0.0000000e+00
   8.5418871e-01   0.0000000e+00   0.0000000e+00
   8.5682315e-01   0.0000000e+00   0.0000000e+00
   8.5946300e-01   0.0000000e+00   0.0000000e+00
   8.6210828e-01   0.0000000e+00   0.0000000e+00
   8.6475900e-01   0.0000000e+00   0.0000000e+00
   8.6741520e-01   0.0000000e+00   0.0000000e+00
   8.7007687e-01   0.0000000e+00   0.0000000e+00
   8.7274405e-01   0.0000000e+00   0.0000000e+00
   8.7541675e-01   0.0000000e+00   0.0000000e+00
   8.7809500e-01   0.0000000e+00   0.0000000e+00
   8.8077880e-01   0.0000000e+00   0.0000000e+00
   8.8346819e-01   0.0000000e+00   0.0000000e+00
   8.8616317e-01   0.0000000e+00   0.0000000e+00
   8.8886378e-01   0.0000000e+00   0.0000000e+00
   8.9157002e-01   0.0000000e+00   0.0000000e+00
   8.9428192e-01   0.0000000e+00   0.0000000e+00
   8.9699950e-01   0.0000000e+00   0.0000000e+00
   8.9972284e-01   0.0000000e+00   0.0000000e+00
   9.0245184e-01   0.0000000e+00   0.0000000e+00
   9.0518657e-01   0.0000000e+00   0.0000000e+00
   9.0792707e-01   0.0000000e+00   0.0000000e+00
   9.1067334e-01   0.0000000e+00   0.0000000e+00
   9.1342542e-01   0.0000000e+00   0.0000000e+00
   9.1618331e-01   0.0000000e+00   0.0000000e+00
   9.1894704e-01   0.0000000e+00   0.0000000e+00
   9.2171664e-01   0.0000000e+00   0.0000000e+00
   9.2449211e-01   0.0000000e+00   0.0000000e+00
   9.2727349e-01   0.0000000e+00   0.0000000e+00
   9.3006078e-01   0.0000000e+00   0.0000000e+00
   9.3285403e-01   0.0000000e+00   0.0000000e+00
   9.3565323e-01   0.0000000e+00   0.0000000e+00
   9.3845843e-01   0.0000000e+00   0.0000000e+00
   9.4126963e-01   0.0000000e+00   0.0000000e+00
   9.4408686e-01   0.0000000e+00   0.0000000e+00
   9.4691014e-01   0.0000000e+00   0.0000000e+00
   9.4973950e-01   0.0000000e+00   0.0000000e+00
   9.5257494e-01   0.0000000e+00   0.0000000e+00
   9.5541651e-01   0.0000000e+00   0.0000000e+00
   9.5826421e-01   0.0000000e+00   0.0000000e+00
   9.6111808e-01   0.0000000e+00   0.0000000e+00
   9.6397812e-01   0.0000000e+00   0.0000000e+00
   9.6684437e-01   0.0000000e+00   0.0000000e+00
   9.6971685e-01   0.0000000e+00   0.0000000e+00
   9.7259558e-01   0.0000000e+00   0.0000000e+00
   9.7548058e-01   0.0000000e+00   0.0000000e+00
   9.7837187e-01   0.0000000e+00   0.0000000e+00
   9.8126949e-01   0.0000000e+00   0.0000000e+00
   9.8417345e-01   0.0000000e+00   0.0000000e+00
   9.8708377e-01   0.0000000e+00   0.0000000e+00
   9.9000048e-01   0.0000000e+00   0.0000000e+00
   9.9292360e-01   0.0000000e+00   0.0000000e+00
   9.9585316e-01   0.0000000e+00   0.0000000e+00
   9.9878918e-01   0.0000000e+00   0.0000000e+00
   1.0017317e+00   0.0000000e+00   0.0000000e+00
   1.0046807e+00   0.0000000e+00   0.0000000e+00
   1.0076362e+00   0.0000000e+00   0.0000000e+00
   1.0105983e+00   0.0000000e+00   0.0000000e+00
   1.0135670e+00   0.0000000e+00   0.0000000e+00
   1.0165423e+00   0.0000000e+00   0.0000000e+00
   1.0195242e+00   0.0000000e+00   0.0000000e+00
   1.0225128e+00   0.0000000e+00   0.0000000e+00
   1.0255080e+00   0.0000000e+00   0.0000000e+00
   1.0285100e+00   0.0000000e+00   0.0000000e+00
   1.0315187e+00   0.0000000e+00   0.0000000e+00
   1.0345341e+00   0.0000000e+00   0.0000000e+00
   1.0375563e+00   0.0000000e+00   0.0000000e+00
   1.0405854e+00   0.0000000e+00   0.0000000e+00
   1.0436212e+00   0.0000000e+00   0.0000000e+00
   1.0466639e+00   0.0000000e+00   0.0000000e+00
   1.0497136e+00   0.0000000e+00   0.0000000e+00
   1.0527701e+00   0.0000000e+00   0.0000000e+00
   1.0558335e+00   0.0000000e+00   0.0000000e+00
   1.0589040e+00   0.0000000e+00   0.0000000e+00
   1.0619814e+00   0.0000000e+00   0.0000000e+00
   1.0650658e+00   0.0000000e+00   0.0000000e+00
   1.0681573e+00   0.0000000e+00   0.0000000e+00
   1.0712559e+00   0.0000000e+00   0.0000000e+00
   1.0743616e+00   0.0000000e+00   0.0000000e+00
   1.0774744e+00   0.0000000e+00   0.0000000e+00
   1.0805943e+00   0.0000000e+00   0.0000000e+00
   1.0837215e+00   0.0000000e+00   0.0000000e+00
   1.0868558e+00   0.0000000e+00   0.0000000e+00
   1.0899974e+00   0.0000000e+00   0.0000000e+00
   1.0931463e+00   0.0000000e+00   0.0000000e+00
   1.0963025e+00   0.0000000e+00   0.0000000e+00
   1.0994660e+00   0.0000000e+00   0.0000000e+00
   1.1026369e+00   0.0000000e+00   0.0000000e+00
   1.1058151e+00   0.0000000e+00   0.0000000e+00
   1.1090008e+00   0.0000000e+00   0.0000000e+00
   1.1121940e+00   0.0000000e+00   0.0000000e+00
   1.1153946e+00   0.0000000e+00   0.0000000e+00
   1.1186027e+00   0.0000000e+00   0.0000000e+00
   1.1218184e+00   0.0000000e+00   0.0000000e+00
   1.1250416e+00   0.0000000e+00   0.0000000e+00
   1.1282725e+00   0.0000000e+00   0.0000000e+00
   1.1315109e+00   0.0000000e+00   0.0000000e+00
   1.1347571e+00   0.0000000e+00   0.0000000e+00
   1.1380110e+00   0.0000000e+00   0.0000000e+00
   1.1412725e+00   0.0000000e+00   0.0000000e+00
   1.1445419e+00   0.0000000e+00   0.0000000e+00
   1.1478190e+00   0.0000000e+00   0.0000000e+00
   1.1511040e+00   0.0000000e+00   0.0000000e+00
   1.1543968e+00   0.0000000e+00   0.0000000e+00
   1.1576976e+00   0.0000000e+00   0.0000000e+00
   1.1610062e+00   0.0000000e+00   0.0000000e+00
   1.1643229e+00   0.0000000e+00   0.0000000e+00
   1.1676475e+00   0.0000000e+00   0.0000000e+00
   1.1709802e+00   0.0000000e+00   0.0000000e+00
   1.1743209e+00   0.0000000e+00   0.0000000e+00
   1.1776697e+00   0.0000000e+00   0.0000000e+00
   1.1810267e+00   0.0000000e+00   0.0000000e+00
   1.1843918e+00   0.0000000e+00   0.0000000e+00
   1.1877652e+00   0.0000000e+00   0.0000000e+00
   1.1911468e+00   0.0000000e+00   0.0000000e+00
   1.1945367e+00   0.0000000e+00   0.0000000e+00
   1.1979349e+00   0.0000000e+00   0.0000000e+00
   1.2013414e+00   0.0000000e+00   0.0000000e+00
   1.2047564e+00   0.0000000e+00   0.0000000e+00
   1.2081798e+00   0.0000000e+00   0.0000000e+00
   1.2116117e+00   0.0000000e+00   0.0000000e+00
   1.2150520e+00   0.0000000e+00   0.0000000e+00
   1.2185009e+00   0.0000000e+00   0.0000000e+00
   1.2219584e+00   0.0000000e+00   0.0000000e+00
   1.2254246e+00   0.0000000e+00   0.0000000e+00
   1.2288994e+00   0.0000000e+00   0.0000000e+00
   1.2323829e+00   0.0000000e+00   0.0000000e+00
   1.2358752e+00   0.0000000e+00   0.0000000e+00
   1.2393762e+00   0.0000000e+00   0.0000000e+00
   1.2428861e+00   0.0000000e+00   0.0000000e+00
   1.2464049e+00   0.0000000e+00   0.0000000e+00
   1.2499325e+00   0.0000000e+00   0.0000000e+00
   1.2534692e+00   0.0000000e+00   0.0000000e+00
   1.2570148e+00   0.0000000e+00   0.0000000e+00
   1.2605695e+00   0.0000000e+00   0.0000000e+00
   1.2641332e+00   0.0000000e+00   0.0000000e+00
   1.2677062e+00   0.0000000e+00   0.0000000e+00
   1.2712882e+00   0.0000000e+00   0.0000000e+00
   1.2748796e+00   0.0000000e+00   0.0000000e+00
   1.2784801e+00   0.0000000e+00   0.0000000e+00
   1.2820900e+00   0.0000000e+00   0.0000000e+00
   1.2857093e+00   0.0000000e+00   0.0000000e+00
   1.2893380e+00   0.0000000e+00   0.0000000e+00
   1.2929761e+00   0.0000000e+00   0.0000000e+00
   1.2966238e+00   0.0000000e+00   0.0000000e+00
   1.3002810e+00   0.0000000e+00   0.0000000e+00
   1.3039478e+00   0.0000000e+00   0.0000000e+00
   1.3076243e+00   0.0000000e+00   0.0000000e+00
   1.3113105e+00   0.0000000e+00   0.0000000e+00
   1.3150064e+00   0.0000000e+00   0.0000000e+00
   1.3187122e+00   0.0000000e+00   0.0000000e+00
   1.3224278e+00   0.0000000e+00   0.0000000e+00
   1.3261533e+00   0.0000000e+00   0.0000000e+00
   1.3298888e+00   0.0000000e+00   0.0000000e+00
   1.3336343e+00   0.0000000e+00   0.0000000e+00
   1.3373899e+00   0.0000000e+00   0.0000000e+00
   1.3411557e+00   0.0000000e+00   0.0000000e+00
   1.3449316e+00   0.0000000e+00   0.0000000e+00
   1.3487178e+00   0.0000000e+00   0.0000000e+00
   1.3525143e+00   0.0000000e+00   0.0000000e+00
   1.3563211e+00   0.0000000e+00   0.0000000e+00
   1.3601384e+00   0.0000000e+00   0.0000000e+00
   1.3639661e+00   0.0000000e+00   0.0000000e+00
   1.3678044e+00   0.0000000e+00   0.0000000e+00
   1.3716533e+00   0.0000000e+00   0.0000000e+00
   1.3755129e+00   0.0000000e+00   0.0000000e+00
   1.3793832e+00   0.0000000e+00   0.0000000e+00
   1.3832643e+00   0.0000000e+00   0.0000000e+00
   1.3871562e+00   0.0000000e+00   0.0000000e+00
   1.3910590e+00   0.0000000e+00   0.0000000e+00
   1.3949729e+00   0.0000000e+00   0.0000000e+00
   1.3988978e+00   0.0000000e+00   0.0000000e+00
   1.4028338e+00   0.0000000e+00   0.0000000e+00
   1.4067810e+00   0.0000000e+00   0.0000000e+00
   1.4107394e+00   0.0000000e+00   0.0000000e+00
   1.4147092e+00   0.0000000e+00   0.0000000e+00
   1.4186904e+00   0.0000000e+00   0.0000000e+00
   1.4226830e+00   0.0000000e+00   0.0000000e+00
   1.4266872e+00   0.0000000e+00   0.0000000e+00
   1.4307030e+00   0.0000000e+00   0.0000000e+00
   1.4347306e+00   0.0000000e+00   0.0000000e+00
   1.4387698e+00   0.0000000e+00   0.0000000e+00
   1.4428209e+00   0.0000000e+00   0.0000000e+00
   1.4468840e+00   0.0000000e+00   0.0000000e+00
   1.4509590e+00   0.0000000e+00   0.0000000e+00
   1.4550462e+00   0.0000000e+00   0.0000000e+00
   1.4591454e+00   2.4358075e-06   3.5542029e-06
   1.4632570e+00   2.4285382e-06   3.5535810e-06
   1.4673809e+00   7.2637881e-06   1.0658761e-05
   1.4715171e+00   1.4483886e-05   2.1313321e-05
   1.4756659e+00   2.8880313e-05   4.2617762e-05
   1.4798273e+00   5.5186149e-05   8.1666104e-05
   1.4840013e+00   1.0525222e-04   1.5619470e-04
   1.4881882e+00   1.9316775e-04   2.8747044e-04
   1.4923878e+00   3.4473325e-04   5.1447658e-04
   1.4966005e+00   5.9964716e-04   8.9743375e-04
   1.5008261e+00   1.0160107e-03   1.5248580e-03
   1.5050649e+00   1.6676771e-03   2.5099667e-03
   1.5093170e+00   2.6604297e-03   4.0154388e-03
   1.5135824e+00   4.1197598e-03   6.2356069e-03
   1.5178612e+00   6.1905323e-03   9.3963855e-03
   1.5221535e+00   9.0203648e-03   1.3730405e-02
   1.5264595e+00   1.2738680e-02   1.9445115e-02
   1.5307792e+00   1.7431538e-02   2.6683885e-02
   1.5351128e+00   2.3100818e-02   3.5462428e-02
   1.5394603e+00   2.9633406e-02   4.5619538e-02
   1.5438219e+00   3.6784733e-02   5.6789185e-02
   1.5481976e+00   4.4164957e-02   6.8376214e-02
   1.5525876e+00   5.1274308e-02   7.9608018e-02
   1.5569923e+00   5.7538992e-02   8.9587938e-02
   1.5614112e+00   6.2395700e-02   9.7425542e-02
   1.5658448e+00   6.5359806e-02   1.0234352e-01
   1.5702931e+00   6.6118845e-02   1.0382618e-01
   1.5747563e+00   6.4578330e-02   1.0169534e-01
   1.5792345e+00   6.0881693e-02   9.6146674e-02
   1.5837278e+00   5.5393011e-02   8.7727639e-02
   1.5882364e+00   4.8624565e-02   7.7227469e-02
   1.5927603e+00   4.2736981e-02   6.8069914e-02
   1.5972997e+00   3.8440894e-02   6.1401764e-02
   1.6018548e+00   3.3044467e-02   5.2932555e-02
   1.6064256e+00   2.7179730e-02   4.3662313e-02
   1.6110123e+00   2.1415722e-02   3.4501071e-02
   1.6156151e+00   1.6174819e-02   2.6132342e-02
   1.6202341e+00   1.1717850e-02   1.8985705e-02
   1.6248694e+00   8.1489721e-03   1.3241046e-02
   1.6295211e+00   5.4398212e-03   8.8643247e-03
   1.6341895e+00   3.4895818e-03   5.7026518e-03
   1.6388747e+00   2.1497230e-03   3.5231351e-03
   1.6435768e+00   1.2737144e-03   2.0934526e-03
   1.6482960e+00   7.2549707e-04   1.1958369e-03
   1.6530324e+00   3.9830454e-04   6.5841196e-04
   1.6577862e+00   2.0996960e-04   3.4808559e-04
   1.6625576e+00   1.0668919e-04   1.7737739e-04
   1.6673467e+00   5.2104462e-05   8.6876429e-05
   1.6721537e+00   2.4916756e-05   4.1664755e-05
   1.6769787e+00   1.0342990e-05   1.7345021e-05
   1.6818221e+00   4.1215673e-06   6.9317615e-06
   1.6866838e+00   2.0529530e-06   3.4626921e-06
   1.6915641e+00   0.0000000e+00   0.0000000e+00
   1.6964632e+00   0.0000000e+00   0.0000000e+00
   1.7013813e+00   0.0000000e+00   0.0000000e+00
   1.7063186e+00   0.0000000e+00   0.0000000e+00
   1.7112751e+00   0.0000000e+00   0.0000000e+00
   1.7162513e+00   0.0000000e+00   0.0000000e+00
   1.7212472e+00   0.0000000e+00   0.0000000e+00
   1.7262630e+00   0.0000000e+00   0.0000000e+00
   1.7312989e+00   0.0000000e+00   0.0000000e+00
   1.7363553e+00   0.0000000e+00   0.0000000e+00
   1.7414322e+00   0.0000000e+00   0.0000000e+00
   1.7465299e+00   0.0000000e+00   0.0000000e+00
   1.7516486e+00   0.0000000e+00   0.0000000e+00
   1.7567885e+00   0.0000000e+00   0.0000000e+00
   1.7619499e+00   0.0000000e+00   0.0000000e+00
   1.7671329e+00   0.0000000e+00   0.0000000e+00
   1.7723379e+00   0.0000000e+00   0.0000000e+00
   1.7775651e+00   0.0000000e+00   0.0000000e+00
   1.7828147e+00   0.0000000e+00   0.0000000e+00
   1.7880872e+00   0.0000000e+00   0.0000000e+00
   1.7933823e+00   0.0000000e+00   0.0000000e+00
   1.7987006e+00   0.0000000e+00   0.0000000e+00
   1.8040424e+00   0.0000000e+00   0.0000000e+00
   1.8094078e+00   0.0000000e+00   0.0000000e+00
   1.8147972e+00   0.0000000e+00   0.0000000e+00
   1.8202108e+00   0.0000000e+00   0.0000000e+00
   1.8256490e+00   0.0000000e+00   0.0000000e+00
   1.8311119e+00   0.0000000e+00   0.0000000e+00
   1.8365999e+00   0.0000000e+00   0.0000000e+00
   1.8421133e+00   0.0000000e+00   0.0000000e+00
   1.8476524e+00   0.0000000e+00   0.0000000e+00
   1.8532175e+00   0.0000000e+00   0.0000000e+00
   1.8588089e+00   0.0000000e+00   0.0000000e+00
   1.8644268e+00   0.0000000e+00   0.0000000e+00
   1.8700718e+00   0.0000000e+00   0.0000000e+00
   1.8757439e+00   0.0000000e+00   0.0000000e+00
   1.8814437e+00   0.0000000e+00   0.0000000e+00
   1.8871714e+00   0.0000000e+00   0.0000000e+00
   1.8929274e+00   0.0000000e+00   0.0000000e+00
   1.8987121e+00   0.0000000e+00   0.0000000e+00
   1.9045257e+00   0.0000000e+00   0.0000000e+00
   1.9103686e+00   0.0000000e+00   0.0000000e+00
   1.9162413e+00   0.0000000e+00   0.0000000e+00
   1.9221441e+00   0.0000000e+00   0.0000000e+00
   1.9280774e+00   0.0000000e+00   0.0000000e+00
   1.9340416e+00   0.0000000e+00   0.0000000e+00
   1.9400370e+00   0.0000000e+00   0.0000000e+00
   1.9460642e+00   0.0000000e+00   0.0000000e+00
   1.9521234e+00   0.0000000e+00   0.0000000e+00
   1.9582151e+00   0.0000000e+00   0.0000000e+00
   1.9643398e+00   0.0000000e+00   0.0000000e+00
   1.9704979e+00   0.0000000e+00   0.0000000e+00
   1.9766898e+00   0.0000000e+00   0.0000000e+00
   1.9829160e+00   0.0000000e+00   0.0000000e+00
   1.9891769e+00   0.0000000e+00   0.0000000e+00
   1.9954731e+00   0.0000000e+00   0.0000000e+00
   2.0018049e+00   0.0000000e+00   0.0000000e+00
   2.0081729e+00   0.0000000e+00   0.0000000e+00
   2.0145776e+00   0.0000000e+00   0.0000000e+00
   2.0210195e+00   0.0000000e+00   0.0000000e+00
   2.0274991e+00   0.0000000e+00   0.0000000e+00
   2.0340169e+00   0.0000000e+00   0.0000000e+00
   2.0405734e+00   0.0000000e+00   0.0000000e+00
   2.0471693e+00   0.0000000e+00   0.0000000e+00
   2.0538050e+00   0.0000000e+00   0.0000000e+00
   2.0604812e+00   0.0000000e+00   0.0000000e+00
   2.0671983e+00   0.0000000e+00   0.0000000e+00
   2.0739571e+00   0.0000000e+00   0.0000000e+00
   2.0807580e+00   0.0000000e+00   0.0000000e+00
   2.0876018e+00   0.0000000e+00   0.0000000e+00
   2.0944889e+00   0.0000000e+00   0.0000000e+00
   2.1014201e+00   0.0000000e+00   0.0000000e+00
   2.1083961e+00   0.0000000e+00   0.0000000e+00
   2.1154173e+00   0.0000000e+00   0.0000000e+00
   2.1224846e+00   0.0000000e+00   0.0000000e+00
   2.1295987e+00   0.0000000e+00   0.0000000e+00
   2.1367601e+00   0.0000000e+00   0.0000000e+00
   2.1439702e+00   0.0000000e+00   0.0000000e+00
   2.1512286e+00   0.0000000e+00   0.0000000e+00
   2.1585366e+00   0.0000000e+00   0.0000000e+00
   2.1658950e+00   0.0000000e+00   0.0000000e+00
   2.1733045e+00   0.0000000e+00   0.0000000e+00
   2.1807659e+00   0.0000000e+00   0.0000000e+00
   2.1882799e+00   0.0000000e+00   0.0000000e+00
   2.1958475e+00   0.0000000e+00   0.0000000e+00
   2.2034694e+00   0.0000000e+00   0.0000000e+00
   2.2111464e+00   0.0000000e+00   0.0000000e+00
   2.2188795e+00   0.0000000e+00   0.0000000e+00
   2.2266695e+00   0.0000000e+00   0.0000000e+00
   2.2345173e+00   0.0000000e+00   0.0000000e+00
   2.2424238e+00   0.0000000e+00   0.0000000e+00
   2.2503899e+00   0.0000000e+00   0.0000000e+00
   2.2584167e+00   0.0000000e+00   0.0000000e+00
   2.2665050e+00   0.0000000e+00   0.0000000e+00
   2.2746558e+00   0.0000000e+00   0.0000000e+00
   2.2828702e+00   0.0000000e+00   0.0000000e+00
   2.2911492e+00   0.0000000e+00   0.0000000e+00
   2.2994938e+00   0.0000000e+00   0.0000000e+00
   2.3079051e+00   0.0000000e+00   0.0000000e+00
   2.3163842e+00   0.0000000e+00   0.0000000e+00
   2.3249321e+00   0.0000000e+00   0.0000000e+00
   2.3335501e+00   0.0000000e+00   0.0000000e+00
   2.3422392e+00   0.0000000e+00   0.0000000e+00
   2.3510007e+00   0.0000000e+00   0.0000000e+00
   2.3598357e+00   0.0000000e+00   0.0000000e+00
   2.3687455e+00   0.0000000e+00   0.0000000e+00
   2.3777312e+00   0.0000000e+00   0.0000000e+00
   2.3867943e+00   0.0000000e+00   0.0000000e+00
   2.3959359e+00   0.0000000e+00   0.0000000e+00
   2.4051574e+00   0.0000000e+00   0.0000000e+00
   2.4144602e+00   0.0000000e+00   0.0000000e+00
   2.4238455e+00   0.0000000e+00   0.0000000e+00
   2.4333156e+00   0.0000000e+00   0.0000000e+00
   2.4428705e+00   0.0000000e+00   0.0000000e+00
   2.4525124e+00   0.0000000e+00   0.0000000e+00
   2.4622426e+00   0.0000000e+00   0.0000000e+00
   2.4720628e+00   0.0000000e+00   0.0000000e+00
   2.4819744e+00   0.0000000e+00   0.0000000e+00
   2.4919791e+00   0.0000000e+00   0.0000000e+00
   2.5020784e+00   0.0000000e+00   0.0000000e+00
   2.5122740e+00   0.0000000e+00   0.0000000e+00
   2.5225676e+00   0.0000000e+00   0.0000000e+00
   2.5329609e+00   0.0000000e+00   0.0000000e+00
   2.5434556e+00   0.0000000e+00   0.0000000e+00
   2.5540535e+00   0.0000000e+00   0.0000000e+00
   2.5647564e+00   0.0000000e+00   0.0000000e+00
   2.5755662e+00   0.0000000e+00   0.0000000e+00
   2.5864847e+00   0.0000000e+00   0.0000000e+00
   2.5975139e+00   0.0000000e+00   0.0000000e+00
   2.6086558e+00   0.0000000e+00   0.0000000e+00
   2.6199123e+00   0.0000000e+00   0.0000000e+00
   2.6312855e+00   0.0000000e+00   0.0000000e+00
   2.6427774e+00   0.0000000e+00   0.0000000e+00
   2.6543902e+00   0.0000000e+00   0.0000000e+00
   2.6661262e+00   0.0000000e+00   0.0000000e+00
   2.6779873e+00   0.0000000e+00   0.0000000e+00
   2.6899770e+00   0.0000000e+00   0.0000000e+00
   2.7020957e+00   0.0000000e+00   0.0000000e+00
   2.7143467e+00   0.0000000e+00   0.0000000e+00
   2.7267322e+00   0.0000000e+00   0.0000000e+00
   2.7392548e+00   0.0000000e+00   0.0000000e+00
   2.7519170e+00   0.0000000e+00   0.0000000e+00
   2.7647213e+00   0.0000000e+00   0.0000000e+00
   2.7776703e+00   0.0000000e+00   0.0000000e+00
   2.7907667e+00   0.0000000e+00   0.0000000e+00
   2.8040133e+00   0.0000000e+00   0.0000000e+00
   2.8174127e+00   0.0000000e+00   0.0000000e+00
   2.8309678e+00   0.0000000e+00   0.0000000e+00
   2.8446816e+00   0.0000000e+00   0.0000000e+00
   2.8585569e+00   0.0000000e+00   0.0000000e+00
   2.8725968e+00   0.0000000e+00   0.0000000e+00
   2.8868043e+00   0.0000000e+00   0.0000000e+00
   2.9011827e+00   0.0000000e+00   0.0000000e+00
   2.9157351e+00   0.0000000e+00   0.0000000e+00
   2.9304648e+00   0.0000000e+00   0.0000000e+00
   2.9453752e+00   0.0000000e+00   0.0000000e+00
   2.9604697e+00   0.0000000e+00   0.0000000e+00
   2.9757518e+00   0.0000000e+00   0.0000000e+00
   2.9912251e+00   0.0000000e+00   0.0000000e+00
   3.0068932e+00   0.0000000e+00   0.0000000e+00
   3.0227600e+00   0.0000000e+00   0.0000000e+00
   3.0388292e+00   0.0000000e+00   0.0000000e+00
   3.0551047e+00   0.0000000e+00   0.0000000e+00
   3.0715920e+00   0.0000000e+00   0.0000000e+00
   3.0882926e+00   0.0000000e+00   0.0000000e+00
   3.1052119e+00   0.0000000e+00   0.0000000e+00
   3.1223542e+00   0.0000000e+00   0.0000000e+00
   3.1397239e+00   0.0000000e+00   0.0000000e+00
   3.1573255e+00   0.0000000e+00   0.0000000e+00
   3.1751636e+00   0.0000000e+00   0.0000000e+00
   3.1932429e+00   0.0000000e+00   0.0000000e+00
   3.2115683e+00   0.0000000e+00   0.0000000e+00
   3.2301463e+00   0.0000000e+00   0.0000000e+00
   3.2489792e+00   0.0000000e+00   0.0000000e+00
   3.2680749e+00   0.0000000e+00   0.0000000e+00
   3.2874361e+00   0.0000000e+00   0.0000000e+00
   3.3070695e+00   0.0000000e+00   0.0000000e+00
   3.3269807e+00   0.0000000e+00   0.0000000e+00
   3.3471755e+00   0.0000000e+00   0.0000000e+00
   3.3676599e+00   0.0000000e+00   0.0000000e+00
   3.3884398e+00   0.0000000e+00   0.0000000e+00
   3.4095216e+00   0.0000000e+00   0.0000000e+00
   3.4309115e+00   0.0000000e+00   0.0000000e+00
   3.4526163e+00   0.0000000e+00   0.0000000e+00
   3.4746426e+00   0.0000000e+00   0.0000000e+00
   3.4969973e+00   0.0000000e+00   0.0000000e+00
   3.5196877e+00   0.0000000e+00   0.0000000e+00
   3.5427209e+00   0.0000000e+00   0.0000000e+00
   3.5661046e+00   0.0000000e+00   0.0000000e+00
   3.5898464e+00   0.0000000e+00   0.0000000e+00
   3.6139542e+00   0.0000000e+00   0.0000000e+00
   3.6384364e+00   0.0000000e+00   0.0000000e+00
   3.6633012e+00   0.0000000e+00   0.0000000e+00
   3.6885595e+00   0.0000000e+00   0.0000000e+00
   3.7142164e+00   0.0000000e+00   0.0000000e+00
   3.7402827e+00   0.0000000e+00   0.0000000e+00
   3.7667702e+00   0.0000000e+00   0.0000000e+00
   3.7936847e+00   0.0000000e+00   0.0000000e+00
   3.8210379e+00   0.0000000e+00   0.0000000e+00
   3.8488402e+00   0.0000000e+00   0.0000000e+00
   3.8771047e+00   0.0000000e+00   0.0000000e+00
   3.9058382e+00   0.0000000e+00   0.0000000e+00
   3.9350539e+00   0.0000000e+00   0.0000000e+00
   3.9647636e+00   0.0000000e+00   0.0000000e+00
   3.9949793e+00   0.0000000e+00   0.0000000e+00
   4.0257135e+00   0.0000000e+00   0.0000000e+00
   4.0569791e+00   0.0000000e+00   0.0000000e+00
   4.0887894e+00   0.0000000e+00   0.0000000e+00
   4.1211581e+00   0.0000000e+00   0.0000000e+00
   4.1540994e+00   0.0000000e+00   0.0000000e+00
   4.1876280e+00   0.0000000e+00   0.0000000e+00
   4.2217590e+00   0.0000000e+00   0.0000000e+00
   4.2565081e+00   0.0000000e+00   0.0000000e+00
   4.2918973e+00   0.0000000e+00   0.0000000e+00
   4.3279332e+00   0.0000000e+00   0.0000000e+00
   4.3646378e+00   0.0000000e+00   0.0000000e+00
   4.4020292e+00   0.0000000e+00   0.0000000e+00
   4.4401259e+00   0.0000000e+00   0.0000000e+00
   4.4789474e+00   0.0000000e+00   0.0000000e+00
   4.5185135e+00   0.0000000e+00   0.0000000e+00
   4.5588485e+00   0.0000000e+00   0.0000000e+00
   4.5999680e+00   0.0000000e+00   0.0000000e+00
   4.6418969e+00   0.0000000e+00   0.0000000e+00
   4.6846585e+00   0.0000000e+00   0.0000000e+00
   4.7282768e+00   0.0000000e+00   0.0000000e+00
   4.7727805e+00   0.0000000e+00   0.0000000e+00
   4.8181925e+00   0.0000000e+00   0.0000000e+00
   4.8645368e+00   0.0000000e+00   0.0000000e+00
   4.9118485e+00   0.0000000e+00   0.0000000e+00
   4.9601492e+00   0.0000000e+00   0.0000000e+00
   5.0094729e+00   0.0000000e+00   0.0000000e+00
   5.0598511e+00   0.0000000e+00   0.0000000e+00
   5.1113168e+00   0.0000000e+00   0.0000000e+00
   5.1639042e+00   0.0000000e+00   0.0000000e+00
   5.2176536e+00   1.8400884e-07   9.6016932e-07
   5.2725947e+00   1.7998582e-07   9.4906857e-07
   5.3287735e+00   5.2800755e-07   2.8138632e-06
   5.3862294e+00   1.2045558e-06   6.4885535e-06
   5.4449989e+00   2.6911961e-06   1.4654817e-05
   5.5051356e+00   5.5885192e-06   3.0768228e-05
   5.5666769e+00   1.1401995e-05   6.3476881e-05
   5.6296753e+00   2.2744315e-05   1.2805478e-04
   5.6941813e+00   4.3653781e-05   2.4859572e-04
   5.7602481e+00   8.1941125e-05   4.7204642e-04
   5.8279359e+00   1.4972369e-04   8.7266540e-04
   5.8973006e+00   2.6612267e-04   1.5695617e-03
   5.9683974e+00   4.6068092e-04   2.7498105e-03
   6.0413048e+00   7.7656666e-04   4.6919649e-03
   6.1160731e+00   1.2749255e-03   7.7983752e-03
   6.1927803e+00   2.0384334e-03   1.2624965e-02
   6.2715062e+00   3.1742632e-03   1.9909651e-02
   6.3523197e+00   4.8148016e-03   3.0588713e-02
   6.4353136e+00   7.1142578e-03   4.5787923e-02
   6.5205706e+00   1.0241978e-02   6.6791679e-02
   6.6081806e+00   1.4367593e-02   9.4955538e-02
   6.6982413e+00   1.9642577e-02   1.3158758e-01
   6.7908491e+00   2.6174190e-02   1.7776852e-01
   6.8861225e+00   3.4000121e-02   2.3416079e-01
   6.9841707e+00   4.3064908e-02   3.0081463e-01
   7.0851124e+00   5.3195287e-02   3.7694870e-01
   7.1890761e+00   6.4095043e-02   4.6085201e-01
   7.2961902e+00   7.5344022e-02   5.4980810e-01
   7.4066090e+00   8.6422110e-02   6.4019534e-01
   7.5204870e+00   9.6763861e-02   7.2782817e-01
   7.6379654e+00   1.0577278e-01   8.0802390e-01
   7.7592414e+00   1.1290433e-01   8.7620202e-01
   7.8844803e+00   1.1772318e-01   9.2835080e-01
   8.0138876e+00   1.1993524e-01   9.6132240e-01
   8.1476511e+00   1.1941526e-01   9.7313826e-01
   8.2860178e+00   1.1622616e-01   9.6324029e-01
   8.4292187e+00   1.1062820e-01   9.3269707e-01
   8.5774937e+00   1.0300451e-01   8.8370496e-01
   8.7311201e+00   9.3835650e-02   8.1946805e-01
   8.8904030e+00   8.3669274e-02   7.4402009e-01
   9.0556404e+00   7.3050994e-02   6.6167656e-01
   9.2271540e+00   6.2463952e-02   5.7650378e-01
   9.4053352e+00   5.2323103e-02   4.9223998e-01
   9.5905828e+00   4.2959215e-02   4.1211043e-01
   9.7832713e+00   3.4580627e-02   3.3840321e-01
   9.9838891e+00   2.7296876e-02   2.7260580e-01
   1.0192937e+01   2.1140848e-02   2.1555019e-01
   1.0410912e+01   1.6067860e-02   1.6733243e-01
   1.0638456e+01   1.1989689e-02   1.2759219e-01
   1.0876130e+01   8.7864347e-03   9.5594335e-02
   1.1124694e+01   6.3255549e-03   7.0394317e-02
   1.1384866e+01   4.4760440e-03   5.0977644e-02
   1.1657450e+01   3.1137708e-03   3.6312493e-02
   1.1943398e+01   2.1302122e-03   2.5452146e-02
   1.2243692e+01   1.4338657e-03   1.7563167e-02
   1.2559411e+01   9.4985809e-04   1.1934924e-02
   1.2891789e+01   6.1949035e-04   7.9900482e-03
   1.3242166e+01   3.9790854e-04   5.2717448e-03
   1.3612005e+01   2.5179583e-04   3.4292203e-03
   1.4003020e+01   1.5703341e-04   2.2001442e-03
   1.4417056e+01   9.6535078e-05   1.3925568e-03
   1.4856182e+01   5.8523400e-05   8.6996610e-04
   1.5322677e+01   3.5011839e-05   5.3682574e-04
   1.5819285e+01   2.0657424e-05   3.2701251e-04
   1.6348942e+01   1.2027937e-05   1.9678980e-04
   1.6915067e+01   6.9249057e-06   1.1722802e-04
   1.7521522e+01   3.9278988e-06   6.8881149e-05
   1.8172737e+01   2.2035977e-06   4.0081922e-05
   1.8873856e+01   1.2207228e-06   2.3062427e-05
   1.9630889e+01   6.7221531e-07   1.3210207e-05
   2.0450731e+01   3.6244382e-07   7.4207783e-06
   2.1341499e+01   1.9333897e-07   4.1313095e-06
   2.2312746e+01   9.8303619e-08   2.1964292e-06
   2.3376012e+01   5.3760145e-08   1.2585831e-06
   2.4544883e+01   3.2519393e-08   7.9950677e-07
   2.5836083e+01   1.4680001e-08   3.7996806e-07
   2.7269678e+01   6.5900404e-09   1.8007576e-07
   2.8870965e+01   5.8797053e-09   1.7014180e-07
   3.0671209e+01   0.0000000e+00   0.0000000e+00
   3.2709960e+01   0.0000000e+00   0.0000000e+00
   3.5038176e+01   0.0000000e+00   0.0000000e+00
   3.7721949e+01   0.0000000e+00   0.0000000e+00
   4.0848391e+01   0.0000000e+00   0.0000000e+00
   4.4535737e+01   0.0000000e+00   0.0000000e+00
   4.8947315e+01   0.0000000e+00   0.0000000e+00
   5.4318001e+01   0.0000000e+00   0.0000000e+00
   6.0999849e+01   0.0000000e+00   0.0000000e+00
   6.9544854e+01   0.0000000e+00   0.0000000e+00
   8.0860321e+01   0.0000000e+00   0.0000000e+00
   9.6536561e+01   0.0000000e+00   0.0000000e+00
   1.1968256e+02   0.0000000e+00   0.0000000e+00
   1.5743708e+02   0.0000000e+00   0.0000000e+00
